Error LeastSq,Error TP, Error LstSq - Error TP,Iterations for lower error than Least Squares
Errors for iteration: 1, Kappa = 3.1
1,3.60e+01
2,1.63e+01
3,9.34e+00
4,6.85e+00
5,5.02e+00
6,3.83e+00
7,2.93e+00
8,2.28e+00
9,1.78e+00
10,1.41e+00
11,1.11e+00
12,8.85e-01
13,7.05e-01
14,5.64e-01
15,4.51e-01
16,3.62e-01
17,2.90e-01
18,2.33e-01
19,1.87e-01
20,1.51e-01
21,1.21e-01
22,9.76e-02
23,7.85e-02
24,6.32e-02
25,5.08e-02
26,4.09e-02
27,3.29e-02
28,2.65e-02
29,2.14e-02
30,1.72e-02
31,1.38e-02
32,1.11e-02
33,8.97e-03
34,7.22e-03
35,5.81e-03
36,4.68e-03
37,3.77e-03
38,3.03e-03
39,2.44e-03
40,1.97e-03
41,1.58e-03
42,1.27e-03
43,1.03e-03
44,8.26e-04
45,6.65e-04
46,5.35e-04
47,4.31e-04
48,3.47e-04
49,2.79e-04
50,2.25e-04
51,1.81e-04
52,1.46e-04
53,1.17e-04
54,9.44e-05
55,7.60e-05
56,6.12e-05
57,4.92e-05
58,3.96e-05
59,3.19e-05
60,2.57e-05
61,2.07e-05
62,1.66e-05
63,1.34e-05
64,1.08e-05
65,8.68e-06
66,6.99e-06
67,5.63e-06
68,4.53e-06
69,3.65e-06
70,2.93e-06
71,2.36e-06
72,1.90e-06
73,1.53e-06
74,1.23e-06
75,9.92e-07
76,7.98e-07
77,6.43e-07
78,5.17e-07
79,4.16e-07
80,3.35e-07
81,2.70e-07
82,2.17e-07
83,1.75e-07
84,1.41e-07
85,1.13e-07
86,9.12e-08
87,7.34e-08
88,5.91e-08
89,4.75e-08
90,3.83e-08
91,3.08e-08
92,2.48e-08
93,2.00e-08
94,1.61e-08
95,1.29e-08
96,1.04e-08
97,8.38e-09
98,6.74e-09
99,5.43e-09
100,4.37e-09
101,3.52e-09
102,2.83e-09
103,2.28e-09
104,1.83e-09
105,1.48e-09
106,1.19e-09
107,9.57e-10
108,7.70e-10
109,6.20e-10
110,4.99e-10
111,4.02e-10
112,3.23e-10
113,2.60e-10
114,2.09e-10
115,1.69e-10
116,1.36e-10
117,1.09e-10
118,8.79e-11
119,7.07e-11
120,5.69e-11
121,4.58e-11
122,3.69e-11
123,2.97e-11
124,2.39e-11
125,1.92e-11
126,1.55e-11
127,1.25e-11
128,9.98e-12
129,8.11e-12
130,6.48e-12
131,5.21e-12
132,4.26e-12
133,3.34e-12
134,2.75e-12
135,2.24e-12
136,1.71e-12
137,1.45e-12
138,1.07e-12
139,9.00e-13
140,7.05e-13
141,6.07e-13
142,4.79e-13
143,3.96e-13
144,3.30e-13
145,2.71e-13
146,2.39e-13
147,2.05e-13
148,1.78e-13
149,1.59e-13
150,1.43e-13
151,1.31e-13
152,1.20e-13
153,1.05e-13
154,9.46e-14
155,8.05e-14
156,7.61e-14
157,6.90e-14
158,6.04e-14
159,5.47e-14
160,5.08e-14
161,4.76e-14
162,4.50e-14
163,4.34e-14
164,4.05e-14
165,3.83e-14
166,3.58e-14
167,3.50e-14
168,3.18e-14
169,3.03e-14
170,2.93e-14
171,2.80e-14
172,2.59e-14
173,2.47e-14
174,2.39e-14
175,2.31e-14
176,2.21e-14
177,2.14e-14
178,2.04e-14
179,1.93e-14
180,1.85e-14
181,1.78e-14
182,1.72e-14
183,1.66e-14
184,1.62e-14
185,1.59e-14
186,1.55e-14
187,1.52e-14
188,1.49e-14
189,1.45e-14
190,1.41e-14
191,1.39e-14
192,1.37e-14
193,1.35e-14
194,1.35e-14
195,1.34e-14
196,1.33e-14
197,1.32e-14
198,1.29e-14
199,1.24e-14
200,1.23e-14
201,1.22e-14
202,1.21e-14
203,1.21e-14
204,1.20e-14
205,1.19e-14
206,1.18e-14
207,1.17e-14
208,1.15e-14
209,1.14e-14
210,1.13e-14
211,1.12e-14
212,1.10e-14
213,1.08e-14
214,1.07e-14
215,1.06e-14
216,1.06e-14
217,1.06e-14
218,1.06e-14
219,1.05e-14
220,1.05e-14
221,1.04e-14
222,1.04e-14
223,1.04e-14
224,1.03e-14
225,1.03e-14
226,1.03e-14
227,1.02e-14
228,1.02e-14
229,1.02e-14
230,1.01e-14
231,1.01e-14
232,1.00e-14
233,9.98e-15
234,9.96e-15
235,9.94e-15
236,9.94e-15
237,9.94e-15
238,9.94e-15
239,9.94e-15
240,9.95e-15
241,9.99e-15
242,1.00e-14
243,1.01e-14
244,1.01e-14
245,1.02e-14
246,1.02e-14
247,1.03e-14
248,1.04e-14
249,1.05e-14
250,1.06e-14
251,1.07e-14
252,1.08e-14
253,1.09e-14
254,1.09e-14
255,1.10e-14
256,1.11e-14
257,1.12e-14
258,1.12e-14
259,1.12e-14
260,1.12e-14
261,1.11e-14
262,1.10e-14
263,1.10e-14
264,1.09e-14
265,1.09e-14
266,1.08e-14
267,1.08e-14
268,1.08e-14
269,1.08e-14
270,1.07e-14
271,1.07e-14
272,1.07e-14
273,1.07e-14
274,1.07e-14
275,1.07e-14
276,1.07e-14
277,1.07e-14
278,1.07e-14
279,1.07e-14
280,1.07e-14
281,1.08e-14
282,1.08e-14
283,1.08e-14
284,1.09e-14
285,1.09e-14
286,1.10e-14
287,1.10e-14
288,1.10e-14
289,1.11e-14
290,1.11e-14
291,1.11e-14
292,1.11e-14
293,1.12e-14
294,1.13e-14
295,1.13e-14
296,1.14e-14
297,1.14e-14
298,1.14e-14
299,1.15e-14
300,1.15e-14
301,1.15e-14
302,1.16e-14
303,1.16e-14
304,1.16e-14
305,1.16e-14
306,1.16e-14
307,1.16e-14
308,1.16e-14
309,1.16e-14
310,1.15e-14
311,1.15e-14
312,1.15e-14
313,1.15e-14
314,1.15e-14
315,1.15e-14
316,1.15e-14
317,1.15e-14
318,1.14e-14
319,1.14e-14
320,1.14e-14
321,1.14e-14
322,1.14e-14
323,1.14e-14
324,1.14e-14
325,1.14e-14
326,1.14e-14
327,1.13e-14
328,1.12e-14
329,1.12e-14
330,1.12e-14
331,1.12e-14
332,1.11e-14
333,1.11e-14
334,1.10e-14
335,1.10e-14
336,1.09e-14
337,1.09e-14
338,1.08e-14
339,1.08e-14
340,1.08e-14
341,1.07e-14
342,1.07e-14
343,1.06e-14
344,1.05e-14
345,1.05e-14
346,1.04e-14
347,1.03e-14
348,1.03e-14
349,1.02e-14
350,1.02e-14
351,1.02e-14
352,1.02e-14
353,1.02e-14
354,1.02e-14
355,1.02e-14
356,1.01e-14
357,1.01e-14
358,1.00e-14
359,1.00e-14
360,9.97e-15
361,9.95e-15
362,9.89e-15
363,9.81e-15
364,9.75e-15
365,9.68e-15
366,9.65e-15
367,9.62e-15
368,9.58e-15
369,9.55e-15
370,9.52e-15
371,9.47e-15
372,9.46e-15
373,9.46e-15
374,9.43e-15
375,9.39e-15
376,9.39e-15
377,9.37e-15
378,9.36e-15
379,9.36e-15
380,9.35e-15
381,9.37e-15
382,9.41e-15
383,9.41e-15
384,9.41e-15
385,9.41e-15
386,9.41e-15
387,9.39e-15
388,9.35e-15
389,9.34e-15
390,9.27e-15
391,9.23e-15
392,9.19e-15
393,9.17e-15
394,9.16e-15
395,9.15e-15
396,9.15e-15
397,9.17e-15
398,9.17e-15
399,9.18e-15
400,9.18e-15
401,9.18e-15
402,9.17e-15
403,9.17e-15
404,9.17e-15
405,9.17e-15
406,9.16e-15
407,9.16e-15
408,9.16e-15
409,9.16e-15
410,9.16e-15
411,9.16e-15
412,9.16e-15
413,9.16e-15
414,9.15e-15
415,9.15e-15
416,9.14e-15
417,9.14e-15
418,9.15e-15
419,9.15e-15
420,9.16e-15
421,9.15e-15
422,9.16e-15
423,9.17e-15
424,9.17e-15
425,9.16e-15
426,9.16e-15
427,9.16e-15
428,9.16e-15
429,9.16e-15
430,9.17e-15
431,9.15e-15
432,9.15e-15
433,9.15e-15
434,9.14e-15
435,9.14e-15
436,9.13e-15
437,9.13e-15
438,9.13e-15
439,9.13e-15
440,9.13e-15
441,9.12e-15
442,9.12e-15
443,9.11e-15
444,9.11e-15
445,9.12e-15
446,9.13e-15
447,9.13e-15
448,9.13e-15
449,9.13e-15
450,9.13e-15
451,9.13e-15
452,9.13e-15
453,9.12e-15
454,9.12e-15
455,9.12e-15
456,9.12e-15
457,9.12e-15
458,9.12e-15
459,9.12e-15
460,9.14e-15
461,9.14e-15
462,9.13e-15
463,9.14e-15
464,9.15e-15
465,9.17e-15
466,9.18e-15
467,9.21e-15
468,9.20e-15
469,9.18e-15
470,9.17e-15
471,9.15e-15
472,9.13e-15
473,9.12e-15
474,9.09e-15
475,9.08e-15
476,9.06e-15
477,9.02e-15
478,9.02e-15
479,9.00e-15
480,8.93e-15
481,8.90e-15
482,8.87e-15
483,8.84e-15
484,8.81e-15
485,8.80e-15
486,8.77e-15
487,8.77e-15
488,8.75e-15
489,8.72e-15
490,8.70e-15
491,8.67e-15
492,8.65e-15
493,8.62e-15
494,8.62e-15
495,8.62e-15
496,8.62e-15
497,8.62e-15
498,8.61e-15
499,8.59e-15
500,8.54e-15
1.001e-01,8.540e-15,-1.001e-01,21
Errors for iteration: 2, Kappa = 3.5
1,3.15e+01
2,1.36e+01
3,6.14e+00
4,3.89e+00
5,2.70e+00
6,2.00e+00
7,1.53e+00
8,1.20e+00
9,9.48e-01
10,7.59e-01
11,6.12e-01
12,4.96e-01
13,4.05e-01
14,3.32e-01
15,2.73e-01
16,2.25e-01
17,1.86e-01
18,1.54e-01
19,1.28e-01
20,1.06e-01
21,8.82e-02
22,7.34e-02
23,6.12e-02
24,5.10e-02
25,4.25e-02
26,3.55e-02
27,2.96e-02
28,2.47e-02
29,2.06e-02
30,1.72e-02
31,1.43e-02
32,1.20e-02
33,1.00e-02
34,8.35e-03
35,6.97e-03
36,5.82e-03
37,4.86e-03
38,4.06e-03
39,3.39e-03
40,2.83e-03
41,2.36e-03
42,1.97e-03
43,1.65e-03
44,1.38e-03
45,1.15e-03
46,9.59e-04
47,8.01e-04
48,6.69e-04
49,5.58e-04
50,4.66e-04
51,3.89e-04
52,3.25e-04
53,2.71e-04
54,2.27e-04
55,1.89e-04
56,1.58e-04
57,1.32e-04
58,1.10e-04
59,9.20e-05
60,7.68e-05
61,6.41e-05
62,5.35e-05
63,4.47e-05
64,3.73e-05
65,3.12e-05
66,2.60e-05
67,2.17e-05
68,1.81e-05
69,1.51e-05
70,1.26e-05
71,1.06e-05
72,8.82e-06
73,7.36e-06
74,6.15e-06
75,5.13e-06
76,4.28e-06
77,3.58e-06
78,2.99e-06
79,2.49e-06
80,2.08e-06
81,1.74e-06
82,1.45e-06
83,1.21e-06
84,1.01e-06
85,8.45e-07
86,7.05e-07
87,5.89e-07
88,4.92e-07
89,4.10e-07
90,3.43e-07
91,2.86e-07
92,2.39e-07
93,1.99e-07
94,1.67e-07
95,1.39e-07
96,1.16e-07
97,9.69e-08
98,8.09e-08
99,6.76e-08
100,5.64e-08
101,4.71e-08
102,3.93e-08
103,3.28e-08
104,2.74e-08
105,2.29e-08
106,1.91e-08
107,1.60e-08
108,1.33e-08
109,1.11e-08
110,9.29e-09
111,7.75e-09
112,6.47e-09
113,5.40e-09
114,4.51e-09
115,3.77e-09
116,3.15e-09
117,2.63e-09
118,2.19e-09
119,1.83e-09
120,1.53e-09
121,1.28e-09
122,1.07e-09
123,8.89e-10
124,7.43e-10
125,6.20e-10
126,5.18e-10
127,4.32e-10
128,3.61e-10
129,3.01e-10
130,2.51e-10
131,2.10e-10
132,1.75e-10
133,1.46e-10
134,1.22e-10
135,1.02e-10
136,8.52e-11
137,7.11e-11
138,5.94e-11
139,4.95e-11
140,4.14e-11
141,3.46e-11
142,2.88e-11
143,2.41e-11
144,2.01e-11
145,1.68e-11
146,1.40e-11
147,1.17e-11
148,9.76e-12
149,8.09e-12
150,6.86e-12
151,5.64e-12
152,4.74e-12
153,4.02e-12
154,3.25e-12
155,2.71e-12
156,2.30e-12
157,1.87e-12
158,1.63e-12
159,1.28e-12
160,1.09e-12
161,8.59e-13
162,7.39e-13
163,5.97e-13
164,5.31e-13
165,4.43e-13
166,3.75e-13
167,3.21e-13
168,2.76e-13
169,2.27e-13
170,2.00e-13
171,1.71e-13
172,1.54e-13
173,1.16e-13
174,1.07e-13
175,9.97e-14
176,9.34e-14
177,8.69e-14
178,8.08e-14
179,7.58e-14
180,7.01e-14
181,6.62e-14
182,6.19e-14
183,5.88e-14
184,5.55e-14
185,5.35e-14
186,5.18e-14
187,5.07e-14
188,4.84e-14
189,4.62e-14
190,4.53e-14
191,4.38e-14
192,4.30e-14
193,4.22e-14
194,4.15e-14
195,4.09e-14
196,3.99e-14
197,3.82e-14
198,3.60e-14
199,3.42e-14
200,3.22e-14
201,3.01e-14
202,2.85e-14
203,2.77e-14
204,2.67e-14
205,2.52e-14
206,2.37e-14
207,2.27e-14
208,2.15e-14
209,2.08e-14
210,2.01e-14
211,1.95e-14
212,1.92e-14
213,1.88e-14
214,1.82e-14
215,1.77e-14
216,1.74e-14
217,1.71e-14
218,1.66e-14
219,1.60e-14
220,1.56e-14
221,1.52e-14
222,1.50e-14
223,1.47e-14
224,1.45e-14
225,1.44e-14
226,1.42e-14
227,1.40e-14
228,1.39e-14
229,1.38e-14
230,1.38e-14
231,1.37e-14
232,1.37e-14
233,1.36e-14
234,1.35e-14
235,1.34e-14
236,1.33e-14
237,1.32e-14
238,1.32e-14
239,1.31e-14
240,1.30e-14
241,1.30e-14
242,1.30e-14
243,1.29e-14
244,1.29e-14
245,1.29e-14
246,1.29e-14
247,1.29e-14
248,1.28e-14
249,1.28e-14
250,1.28e-14
251,1.27e-14
252,1.27e-14
253,1.27e-14
254,1.26e-14
255,1.25e-14
256,1.25e-14
257,1.25e-14
258,1.24e-14
259,1.23e-14
260,1.20e-14
261,1.19e-14
262,1.18e-14
263,1.16e-14
264,1.16e-14
265,1.15e-14
266,1.15e-14
267,1.14e-14
268,1.13e-14
269,1.13e-14
270,1.13e-14
271,1.13e-14
272,1.12e-14
273,1.13e-14
274,1.13e-14
275,1.13e-14
276,1.13e-14
277,1.13e-14
278,1.13e-14
279,1.13e-14
280,1.13e-14
281,1.13e-14
282,1.13e-14
283,1.13e-14
284,1.13e-14
285,1.13e-14
286,1.12e-14
287,1.12e-14
288,1.12e-14
289,1.12e-14
290,1.11e-14
291,1.10e-14
292,1.10e-14
293,1.09e-14
294,1.09e-14
295,1.08e-14
296,1.08e-14
297,1.07e-14
298,1.06e-14
299,1.06e-14
300,1.05e-14
301,1.05e-14
302,1.05e-14
303,1.04e-14
304,1.04e-14
305,1.03e-14
306,1.02e-14
307,1.01e-14
308,9.80e-15
309,9.67e-15
310,9.62e-15
311,9.52e-15
312,9.45e-15
313,9.39e-15
314,9.33e-15
315,9.25e-15
316,9.17e-15
317,9.12e-15
318,9.07e-15
319,9.01e-15
320,8.98e-15
321,8.94e-15
322,8.93e-15
323,8.92e-15
324,8.93e-15
325,8.95e-15
326,8.96e-15
327,8.98e-15
328,9.04e-15
329,9.08e-15
330,9.20e-15
331,9.24e-15
332,9.27e-15
333,9.32e-15
334,9.35e-15
335,9.38e-15
336,9.40e-15
337,9.41e-15
338,9.41e-15
339,9.43e-15
340,9.43e-15
341,9.43e-15
342,9.44e-15
343,9.44e-15
344,9.44e-15
345,9.43e-15
346,9.43e-15
347,9.43e-15
348,9.43e-15
349,9.45e-15
350,9.48e-15
351,9.52e-15
352,9.52e-15
353,9.52e-15
354,9.51e-15
355,9.49e-15
356,9.48e-15
357,9.49e-15
358,9.49e-15
359,9.47e-15
360,9.47e-15
361,9.48e-15
362,9.49e-15
363,9.47e-15
364,9.42e-15
365,9.41e-15
366,9.42e-15
367,9.43e-15
368,9.43e-15
369,9.45e-15
370,9.45e-15
371,9.45e-15
372,9.45e-15
373,9.45e-15
374,9.47e-15
375,9.47e-15
376,9.47e-15
377,9.47e-15
378,9.46e-15
379,9.45e-15
380,9.43e-15
381,9.39e-15
382,9.30e-15
383,9.25e-15
384,9.20e-15
385,9.16e-15
386,9.12e-15
387,9.10e-15
388,9.08e-15
389,9.10e-15
390,9.10e-15
391,9.07e-15
392,9.05e-15
393,9.02e-15
394,9.01e-15
395,9.01e-15
396,9.02e-15
397,9.02e-15
398,9.02e-15
399,9.03e-15
400,9.04e-15
401,9.03e-15
402,9.03e-15
403,9.00e-15
404,8.99e-15
405,8.99e-15
406,8.96e-15
407,8.96e-15
408,8.97e-15
409,8.97e-15
410,8.97e-15
411,8.99e-15
412,8.99e-15
413,8.99e-15
414,9.00e-15
415,9.01e-15
416,9.01e-15
417,9.03e-15
418,9.05e-15
419,9.07e-15
420,9.07e-15
421,9.07e-15
422,9.08e-15
423,9.07e-15
424,9.07e-15
425,8.98e-15
426,8.99e-15
427,8.96e-15
428,8.93e-15
429,8.83e-15
430,8.77e-15
431,8.77e-15
432,8.77e-15
433,8.76e-15
434,8.76e-15
435,8.76e-15
436,8.76e-15
437,8.76e-15
438,8.75e-15
439,8.73e-15
440,8.71e-15
441,8.70e-15
442,8.68e-15
443,8.65e-15
444,8.64e-15
445,8.62e-15
446,8.63e-15
447,8.61e-15
448,8.62e-15
449,8.64e-15
450,8.66e-15
451,8.67e-15
452,8.70e-15
453,8.71e-15
454,8.74e-15
455,8.76e-15
456,8.79e-15
457,8.82e-15
458,8.95e-15
459,8.93e-15
460,8.90e-15
461,8.92e-15
462,8.94e-15
463,8.96e-15
464,8.96e-15
465,8.95e-15
466,8.98e-15
467,8.99e-15
468,9.02e-15
469,9.04e-15
470,9.09e-15
471,9.08e-15
472,9.09e-15
473,9.11e-15
474,9.13e-15
475,9.14e-15
476,9.16e-15
477,9.16e-15
478,9.18e-15
479,9.19e-15
480,9.21e-15
481,9.23e-15
482,9.24e-15
483,9.27e-15
484,9.28e-15
485,9.35e-15
486,9.41e-15
487,9.41e-15
488,9.47e-15
489,9.48e-15
490,9.48e-15
491,9.49e-15
492,9.45e-15
493,9.44e-15
494,9.42e-15
495,9.38e-15
496,9.35e-15
497,9.31e-15
498,9.24e-15
499,9.16e-15
500,9.02e-15
8.637e-02,9.025e-15,-8.637e-02,21
Errors for iteration: 3, Kappa = 3.1
1,2.68e+01
2,1.13e+01
3,5.34e+00
4,3.49e+00
5,2.39e+00
6,1.67e+00
7,1.18e+00
8,8.45e-01
9,6.11e-01
10,4.44e-01
11,3.24e-01
12,2.38e-01
13,1.75e-01
14,1.29e-01
15,9.56e-02
16,7.09e-02
17,5.27e-02
18,3.92e-02
19,2.92e-02
20,2.18e-02
21,1.64e-02
22,1.23e-02
23,9.26e-03
24,6.99e-03
25,5.30e-03
26,4.03e-03
27,3.08e-03
28,2.36e-03
29,1.82e-03
30,1.40e-03
31,1.09e-03
32,8.46e-04
33,6.60e-04
34,5.17e-04
35,4.06e-04
36,3.20e-04
37,2.52e-04
38,2.00e-04
39,1.58e-04
40,1.26e-04
41,1.00e-04
42,7.96e-05
43,6.34e-05
44,5.06e-05
45,4.04e-05
46,3.23e-05
47,2.58e-05
48,2.06e-05
49,1.65e-05
50,1.32e-05
51,1.06e-05
52,8.46e-06
53,6.78e-06
54,5.43e-06
55,4.35e-06
56,3.48e-06
57,2.79e-06
58,2.24e-06
59,1.79e-06
60,1.44e-06
61,1.15e-06
62,9.22e-07
63,7.39e-07
64,5.92e-07
65,4.74e-07
66,3.80e-07
67,3.05e-07
68,2.44e-07
69,1.96e-07
70,1.57e-07
71,1.26e-07
72,1.01e-07
73,8.07e-08
74,6.47e-08
75,5.19e-08
76,4.16e-08
77,3.33e-08
78,2.67e-08
79,2.14e-08
80,1.71e-08
81,1.37e-08
82,1.10e-08
83,8.83e-09
84,7.08e-09
85,5.67e-09
86,4.54e-09
87,3.64e-09
88,2.92e-09
89,2.34e-09
90,1.87e-09
91,1.50e-09
92,1.20e-09
93,9.65e-10
94,7.74e-10
95,6.20e-10
96,4.97e-10
97,3.98e-10
98,3.19e-10
99,2.56e-10
100,2.05e-10
101,1.64e-10
102,1.32e-10
103,1.06e-10
104,8.46e-11
105,6.77e-11
106,5.43e-11
107,4.35e-11
108,3.49e-11
109,2.81e-11
110,2.24e-11
111,1.79e-11
112,1.45e-11
113,1.15e-11
114,9.24e-12
115,7.41e-12
116,5.96e-12
117,4.79e-12
118,3.86e-12
119,3.10e-12
120,2.51e-12
121,1.93e-12
122,1.62e-12
123,1.25e-12
124,1.02e-12
125,8.20e-13
126,6.39e-13
127,5.41e-13
128,4.65e-13
129,3.72e-13
130,3.19e-13
131,2.71e-13
132,2.31e-13
133,1.95e-13
134,1.75e-13
135,1.55e-13
136,1.33e-13
137,1.23e-13
138,1.04e-13
139,9.23e-14
140,8.39e-14
141,8.01e-14
142,7.28e-14
143,7.04e-14
144,6.69e-14
145,6.45e-14
146,6.22e-14
147,5.98e-14
148,5.74e-14
149,5.50e-14
150,5.25e-14
151,5.02e-14
152,4.75e-14
153,4.52e-14
154,4.19e-14
155,4.04e-14
156,3.92e-14
157,3.73e-14
158,3.65e-14
159,3.59e-14
160,3.45e-14
161,3.31e-14
162,3.24e-14
163,3.19e-14
164,3.11e-14
165,2.99e-14
166,2.94e-14
167,2.91e-14
168,2.85e-14
169,2.81e-14
170,2.76e-14
171,2.74e-14
172,2.72e-14
173,2.71e-14
174,2.69e-14
175,2.67e-14
176,2.63e-14
177,2.59e-14
178,2.56e-14
179,2.54e-14
180,2.53e-14
181,2.51e-14
182,2.48e-14
183,2.48e-14
184,2.47e-14
185,2.46e-14
186,2.45e-14
187,2.43e-14
188,2.41e-14
189,2.39e-14
190,2.39e-14
191,2.37e-14
192,2.36e-14
193,2.35e-14
194,2.34e-14
195,2.34e-14
196,2.32e-14
197,2.30e-14
198,2.28e-14
199,2.27e-14
200,2.25e-14
201,2.23e-14
202,2.21e-14
203,2.18e-14
204,2.15e-14
205,2.12e-14
206,2.10e-14
207,2.09e-14
208,2.06e-14
209,2.04e-14
210,2.03e-14
211,2.02e-14
212,2.01e-14
213,2.00e-14
214,1.99e-14
215,1.98e-14
216,1.94e-14
217,1.92e-14
218,1.91e-14
219,1.88e-14
220,1.86e-14
221,1.85e-14
222,1.84e-14
223,1.80e-14
224,1.79e-14
225,1.77e-14
226,1.76e-14
227,1.74e-14
228,1.73e-14
229,1.72e-14
230,1.72e-14
231,1.71e-14
232,1.71e-14
233,1.71e-14
234,1.70e-14
235,1.70e-14
236,1.69e-14
237,1.67e-14
238,1.66e-14
239,1.64e-14
240,1.64e-14
241,1.63e-14
242,1.63e-14
243,1.63e-14
244,1.62e-14
245,1.62e-14
246,1.61e-14
247,1.60e-14
248,1.60e-14
249,1.59e-14
250,1.58e-14
251,1.57e-14
252,1.55e-14
253,1.55e-14
254,1.54e-14
255,1.54e-14
256,1.53e-14
257,1.53e-14
258,1.51e-14
259,1.50e-14
260,1.50e-14
261,1.49e-14
262,1.49e-14
263,1.49e-14
264,1.49e-14
265,1.48e-14
266,1.47e-14
267,1.46e-14
268,1.45e-14
269,1.45e-14
270,1.44e-14
271,1.43e-14
272,1.43e-14
273,1.43e-14
274,1.42e-14
275,1.42e-14
276,1.42e-14
277,1.41e-14
278,1.41e-14
279,1.40e-14
280,1.40e-14
281,1.39e-14
282,1.38e-14
283,1.38e-14
284,1.37e-14
285,1.36e-14
286,1.36e-14
287,1.35e-14
288,1.34e-14
289,1.35e-14
290,1.36e-14
291,1.37e-14
292,1.37e-14
293,1.37e-14
294,1.37e-14
295,1.37e-14
296,1.37e-14
297,1.37e-14
298,1.37e-14
299,1.38e-14
300,1.37e-14
301,1.37e-14
302,1.37e-14
303,1.37e-14
304,1.37e-14
305,1.37e-14
306,1.37e-14
307,1.37e-14
308,1.37e-14
309,1.37e-14
310,1.37e-14
311,1.37e-14
312,1.37e-14
313,1.37e-14
314,1.37e-14
315,1.38e-14
316,1.38e-14
317,1.38e-14
318,1.38e-14
319,1.38e-14
320,1.38e-14
321,1.38e-14
322,1.38e-14
323,1.38e-14
324,1.38e-14
325,1.38e-14
326,1.38e-14
327,1.38e-14
328,1.38e-14
329,1.38e-14
330,1.38e-14
331,1.38e-14
332,1.38e-14
333,1.37e-14
334,1.37e-14
335,1.37e-14
336,1.37e-14
337,1.37e-14
338,1.37e-14
339,1.37e-14
340,1.37e-14
341,1.37e-14
342,1.37e-14
343,1.37e-14
344,1.38e-14
345,1.38e-14
346,1.38e-14
347,1.38e-14
348,1.38e-14
349,1.38e-14
350,1.38e-14
351,1.38e-14
352,1.38e-14
353,1.38e-14
354,1.39e-14
355,1.39e-14
356,1.39e-14
357,1.39e-14
358,1.39e-14
359,1.39e-14
360,1.39e-14
361,1.39e-14
362,1.39e-14
363,1.39e-14
364,1.39e-14
365,1.39e-14
366,1.39e-14
367,1.39e-14
368,1.39e-14
369,1.39e-14
370,1.39e-14
371,1.39e-14
372,1.39e-14
373,1.39e-14
374,1.39e-14
375,1.39e-14
376,1.39e-14
377,1.39e-14
378,1.39e-14
379,1.39e-14
380,1.39e-14
381,1.39e-14
382,1.39e-14
383,1.39e-14
384,1.39e-14
385,1.39e-14
386,1.39e-14
387,1.39e-14
388,1.39e-14
389,1.39e-14
390,1.39e-14
391,1.39e-14
392,1.39e-14
393,1.39e-14
394,1.39e-14
395,1.39e-14
396,1.39e-14
397,1.39e-14
398,1.39e-14
399,1.39e-14
400,1.39e-14
401,1.39e-14
402,1.39e-14
403,1.39e-14
404,1.39e-14
405,1.39e-14
406,1.39e-14
407,1.39e-14
408,1.39e-14
409,1.39e-14
410,1.39e-14
411,1.39e-14
412,1.39e-14
413,1.39e-14
414,1.39e-14
415,1.39e-14
416,1.39e-14
417,1.39e-14
418,1.39e-14
419,1.39e-14
420,1.39e-14
421,1.39e-14
422,1.39e-14
423,1.39e-14
424,1.39e-14
425,1.39e-14
426,1.39e-14
427,1.39e-14
428,1.39e-14
429,1.39e-14
430,1.39e-14
431,1.39e-14
432,1.39e-14
433,1.39e-14
434,1.39e-14
435,1.39e-14
436,1.39e-14
437,1.39e-14
438,1.39e-14
439,1.39e-14
440,1.39e-14
441,1.39e-14
442,1.39e-14
443,1.39e-14
444,1.39e-14
445,1.39e-14
446,1.39e-14
447,1.39e-14
448,1.39e-14
449,1.39e-14
450,1.39e-14
451,1.39e-14
452,1.39e-14
453,1.39e-14
454,1.39e-14
455,1.39e-14
456,1.39e-14
457,1.39e-14
458,1.39e-14
459,1.39e-14
460,1.39e-14
461,1.39e-14
462,1.39e-14
463,1.39e-14
464,1.39e-14
465,1.39e-14
466,1.39e-14
467,1.39e-14
468,1.39e-14
469,1.39e-14
470,1.39e-14
471,1.39e-14
472,1.39e-14
473,1.39e-14
474,1.39e-14
475,1.39e-14
476,1.39e-14
477,1.39e-14
478,1.39e-14
479,1.39e-14
480,1.39e-14
481,1.39e-14
482,1.39e-14
483,1.39e-14
484,1.39e-14
485,1.39e-14
486,1.39e-14
487,1.39e-14
488,1.39e-14
489,1.39e-14
490,1.39e-14
491,1.39e-14
492,1.39e-14
493,1.39e-14
494,1.39e-14
495,1.39e-14
496,1.39e-14
497,1.39e-14
498,1.39e-14
499,1.39e-14
500,1.39e-14
9.656e-02,1.392e-14,-9.656e-02,14
Errors for iteration: 4, Kappa = 2.9
1,3.33e+01
2,1.68e+01
3,1.06e+01
4,7.58e+00
5,5.44e+00
6,4.04e+00
7,3.02e+00
8,2.29e+00
9,1.73e+00
10,1.31e+00
11,9.99e-01
12,7.62e-01
13,5.81e-01
14,4.44e-01
15,3.39e-01
16,2.60e-01
17,1.99e-01
18,1.52e-01
19,1.17e-01
20,8.96e-02
21,6.88e-02
22,5.28e-02
23,4.06e-02
24,3.12e-02
25,2.40e-02
26,1.84e-02
27,1.42e-02
28,1.09e-02
29,8.39e-03
30,6.46e-03
31,4.97e-03
32,3.83e-03
33,2.95e-03
34,2.27e-03
35,1.75e-03
36,1.35e-03
37,1.04e-03
38,8.04e-04
39,6.20e-04
40,4.79e-04
41,3.70e-04
42,2.85e-04
43,2.20e-04
44,1.70e-04
45,1.31e-04
46,1.01e-04
47,7.84e-05
48,6.06e-05
49,4.68e-05
50,3.62e-05
51,2.80e-05
52,2.16e-05
53,1.67e-05
54,1.29e-05
55,1.00e-05
56,7.74e-06
57,5.99e-06
58,4.63e-06
59,3.58e-06
60,2.77e-06
61,2.15e-06
62,1.66e-06
63,1.29e-06
64,9.96e-07
65,7.71e-07
66,5.97e-07
67,4.63e-07
68,3.58e-07
69,2.78e-07
70,2.15e-07
71,1.67e-07
72,1.29e-07
73,1.00e-07
74,7.75e-08
75,6.01e-08
76,4.65e-08
77,3.61e-08
78,2.80e-08
79,2.17e-08
80,1.68e-08
81,1.30e-08
82,1.01e-08
83,7.84e-09
84,6.08e-09
85,4.72e-09
86,3.66e-09
87,2.84e-09
88,2.20e-09
89,1.71e-09
90,1.33e-09
91,1.03e-09
92,7.99e-10
93,6.20e-10
94,4.81e-10
95,3.74e-10
96,2.90e-10
97,2.25e-10
98,1.75e-10
99,1.36e-10
100,1.06e-10
101,8.20e-11
102,6.37e-11
103,4.95e-11
104,3.84e-11
105,3.00e-11
106,2.32e-11
107,1.81e-11
108,1.41e-11
109,1.09e-11
110,8.54e-12
111,6.60e-12
112,5.17e-12
113,3.99e-12
114,3.09e-12
115,2.45e-12
116,1.85e-12
117,1.50e-12
118,1.10e-12
119,8.80e-13
120,6.79e-13
121,5.19e-13
122,4.39e-13
123,3.58e-13
124,2.66e-13
125,1.88e-13
126,1.66e-13
127,1.46e-13
128,1.26e-13
129,1.07e-13
130,9.13e-14
131,7.88e-14
132,6.76e-14
133,6.05e-14
134,5.60e-14
135,5.02e-14
136,4.54e-14
137,4.30e-14
138,4.06e-14
139,3.78e-14
140,3.58e-14
141,3.38e-14
142,3.18e-14
143,2.99e-14
144,2.86e-14
145,2.71e-14
146,2.61e-14
147,2.51e-14
148,2.43e-14
149,2.23e-14
150,2.13e-14
151,1.98e-14
152,1.93e-14
153,1.86e-14
154,1.81e-14
155,1.74e-14
156,1.70e-14
157,1.63e-14
158,1.61e-14
159,1.57e-14
160,1.53e-14
161,1.49e-14
162,1.45e-14
163,1.43e-14
164,1.41e-14
165,1.40e-14
166,1.37e-14
167,1.34e-14
168,1.33e-14
169,1.30e-14
170,1.27e-14
171,1.26e-14
172,1.23e-14
173,1.21e-14
174,1.20e-14
175,1.20e-14
176,1.20e-14
177,1.21e-14
178,1.21e-14
179,1.22e-14
180,1.21e-14
181,1.22e-14
182,1.20e-14
183,1.20e-14
184,1.20e-14
185,1.20e-14
186,1.20e-14
187,1.20e-14
188,1.19e-14
189,1.18e-14
190,1.18e-14
191,1.18e-14
192,1.17e-14
193,1.17e-14
194,1.16e-14
195,1.14e-14
196,1.14e-14
197,1.13e-14
198,1.12e-14
199,1.12e-14
200,1.12e-14
201,1.12e-14
202,1.13e-14
203,1.13e-14
204,1.13e-14
205,1.13e-14
206,1.13e-14
207,1.13e-14
208,1.13e-14
209,1.14e-14
210,1.15e-14
211,1.15e-14
212,1.17e-14
213,1.18e-14
214,1.19e-14
215,1.20e-14
216,1.22e-14
217,1.24e-14
218,1.25e-14
219,1.25e-14
220,1.26e-14
221,1.27e-14
222,1.28e-14
223,1.30e-14
224,1.30e-14
225,1.30e-14
226,1.31e-14
227,1.32e-14
228,1.32e-14
229,1.33e-14
230,1.33e-14
231,1.34e-14
232,1.36e-14
233,1.37e-14
234,1.37e-14
235,1.38e-14
236,1.38e-14
237,1.39e-14
238,1.39e-14
239,1.41e-14
240,1.41e-14
241,1.42e-14
242,1.42e-14
243,1.42e-14
244,1.42e-14
245,1.41e-14
246,1.41e-14
247,1.41e-14
248,1.41e-14
249,1.42e-14
250,1.43e-14
251,1.43e-14
252,1.44e-14
253,1.44e-14
254,1.45e-14
255,1.45e-14
256,1.44e-14
257,1.44e-14
258,1.44e-14
259,1.44e-14
260,1.44e-14
261,1.44e-14
262,1.44e-14
263,1.43e-14
264,1.43e-14
265,1.42e-14
266,1.42e-14
267,1.42e-14
268,1.42e-14
269,1.42e-14
270,1.42e-14
271,1.42e-14
272,1.42e-14
273,1.43e-14
274,1.44e-14
275,1.46e-14
276,1.46e-14
277,1.47e-14
278,1.47e-14
279,1.48e-14
280,1.48e-14
281,1.48e-14
282,1.48e-14
283,1.47e-14
284,1.47e-14
285,1.46e-14
286,1.46e-14
287,1.47e-14
288,1.47e-14
289,1.46e-14
290,1.46e-14
291,1.46e-14
292,1.46e-14
293,1.46e-14
294,1.45e-14
295,1.45e-14
296,1.45e-14
297,1.45e-14
298,1.45e-14
299,1.45e-14
300,1.44e-14
301,1.44e-14
302,1.44e-14
303,1.44e-14
304,1.44e-14
305,1.44e-14
306,1.44e-14
307,1.45e-14
308,1.46e-14
309,1.47e-14
310,1.48e-14
311,1.48e-14
312,1.49e-14
313,1.49e-14
314,1.50e-14
315,1.50e-14
316,1.50e-14
317,1.50e-14
318,1.50e-14
319,1.50e-14
320,1.50e-14
321,1.50e-14
322,1.50e-14
323,1.50e-14
324,1.50e-14
325,1.50e-14
326,1.50e-14
327,1.50e-14
328,1.50e-14
329,1.50e-14
330,1.50e-14
331,1.50e-14
332,1.50e-14
333,1.50e-14
334,1.50e-14
335,1.50e-14
336,1.50e-14
337,1.50e-14
338,1.50e-14
339,1.50e-14
340,1.49e-14
341,1.49e-14
342,1.50e-14
343,1.50e-14
344,1.49e-14
345,1.49e-14
346,1.49e-14
347,1.49e-14
348,1.49e-14
349,1.49e-14
350,1.49e-14
351,1.48e-14
352,1.48e-14
353,1.48e-14
354,1.48e-14
355,1.48e-14
356,1.48e-14
357,1.48e-14
358,1.47e-14
359,1.47e-14
360,1.47e-14
361,1.47e-14
362,1.47e-14
363,1.47e-14
364,1.46e-14
365,1.46e-14
366,1.44e-14
367,1.44e-14
368,1.43e-14
369,1.43e-14
370,1.43e-14
371,1.43e-14
372,1.43e-14
373,1.43e-14
374,1.44e-14
375,1.44e-14
376,1.44e-14
377,1.44e-14
378,1.44e-14
379,1.44e-14
380,1.44e-14
381,1.44e-14
382,1.43e-14
383,1.43e-14
384,1.43e-14
385,1.43e-14
386,1.43e-14
387,1.43e-14
388,1.43e-14
389,1.42e-14
390,1.42e-14
391,1.42e-14
392,1.42e-14
393,1.42e-14
394,1.41e-14
395,1.41e-14
396,1.41e-14
397,1.41e-14
398,1.41e-14
399,1.41e-14
400,1.40e-14
401,1.40e-14
402,1.40e-14
403,1.39e-14
404,1.39e-14
405,1.39e-14
406,1.39e-14
407,1.38e-14
408,1.38e-14
409,1.37e-14
410,1.37e-14
411,1.37e-14
412,1.37e-14
413,1.37e-14
414,1.38e-14
415,1.38e-14
416,1.38e-14
417,1.38e-14
418,1.38e-14
419,1.38e-14
420,1.38e-14
421,1.38e-14
422,1.37e-14
423,1.37e-14
424,1.37e-14
425,1.37e-14
426,1.37e-14
427,1.37e-14
428,1.37e-14
429,1.36e-14
430,1.36e-14
431,1.36e-14
432,1.36e-14
433,1.36e-14
434,1.37e-14
435,1.37e-14
436,1.37e-14
437,1.37e-14
438,1.37e-14
439,1.37e-14
440,1.37e-14
441,1.37e-14
442,1.38e-14
443,1.37e-14
444,1.37e-14
445,1.37e-14
446,1.37e-14
447,1.37e-14
448,1.37e-14
449,1.37e-14
450,1.37e-14
451,1.37e-14
452,1.37e-14
453,1.37e-14
454,1.37e-14
455,1.37e-14
456,1.37e-14
457,1.37e-14
458,1.37e-14
459,1.37e-14
460,1.37e-14
461,1.38e-14
462,1.38e-14
463,1.38e-14
464,1.39e-14
465,1.39e-14
466,1.40e-14
467,1.40e-14
468,1.40e-14
469,1.40e-14
470,1.40e-14
471,1.40e-14
472,1.39e-14
473,1.39e-14
474,1.39e-14
475,1.39e-14
476,1.38e-14
477,1.38e-14
478,1.38e-14
479,1.38e-14
480,1.37e-14
481,1.37e-14
482,1.36e-14
483,1.36e-14
484,1.35e-14
485,1.35e-14
486,1.35e-14
487,1.35e-14
488,1.35e-14
489,1.35e-14
490,1.35e-14
491,1.34e-14
492,1.34e-14
493,1.35e-14
494,1.34e-14
495,1.34e-14
496,1.34e-14
497,1.34e-14
498,1.34e-14
499,1.35e-14
500,1.36e-14
1.031e-01,1.358e-14,-1.031e-01,19
Errors for iteration: 5, Kappa = 2.8
1,2.50e+01
2,1.15e+01
3,5.37e+00
4,3.26e+00
5,2.04e+00
6,1.31e+00
7,8.54e-01
8,5.68e-01
9,3.83e-01
10,2.63e-01
11,1.83e-01
12,1.30e-01
13,9.32e-02
14,6.77e-02
15,4.97e-02
16,3.67e-02
17,2.73e-02
18,2.05e-02
19,1.54e-02
20,1.16e-02
21,8.75e-03
22,6.62e-03
23,5.02e-03
24,3.81e-03
25,2.89e-03
26,2.19e-03
27,1.67e-03
28,1.27e-03
29,9.63e-04
30,7.33e-04
31,5.57e-04
32,4.24e-04
33,3.22e-04
34,2.45e-04
35,1.87e-04
36,1.42e-04
37,1.08e-04
38,8.22e-05
39,6.25e-05
40,4.76e-05
41,3.62e-05
42,2.76e-05
43,2.10e-05
44,1.60e-05
45,1.21e-05
46,9.24e-06
47,7.03e-06
48,5.35e-06
49,4.07e-06
50,3.10e-06
51,2.36e-06
52,1.79e-06
53,1.36e-06
54,1.04e-06
55,7.90e-07
56,6.01e-07
57,4.57e-07
58,3.48e-07
59,2.65e-07
60,2.01e-07
61,1.53e-07
62,1.17e-07
63,8.87e-08
64,6.75e-08
65,5.14e-08
66,3.91e-08
67,2.97e-08
68,2.26e-08
69,1.72e-08
70,1.31e-08
71,9.96e-09
72,7.58e-09
73,5.77e-09
74,4.39e-09
75,3.34e-09
76,2.54e-09
77,1.93e-09
78,1.47e-09
79,1.12e-09
80,8.51e-10
81,6.48e-10
82,4.93e-10
83,3.75e-10
84,2.85e-10
85,2.17e-10
86,1.65e-10
87,1.26e-10
88,9.56e-11
89,7.27e-11
90,5.53e-11
91,4.21e-11
92,3.20e-11
93,2.44e-11
94,1.86e-11
95,1.41e-11
96,1.08e-11
97,8.11e-12
98,6.17e-12
99,4.78e-12
100,3.62e-12
101,2.65e-12
102,2.15e-12
103,1.44e-12
104,1.13e-12
105,8.77e-13
106,6.85e-13
107,4.98e-13
108,4.17e-13
109,3.25e-13
110,2.58e-13
111,2.14e-13
112,1.86e-13
113,1.65e-13
114,1.44e-13
115,1.32e-13
116,1.14e-13
117,1.02e-13
118,9.31e-14
119,8.22e-14
120,7.54e-14
121,6.50e-14
122,5.93e-14
123,5.50e-14
124,5.24e-14
125,4.82e-14
126,4.51e-14
127,4.10e-14
128,3.75e-14
129,3.52e-14
130,3.32e-14
131,3.10e-14
132,2.94e-14
133,2.78e-14
134,2.70e-14
135,2.59e-14
136,2.53e-14
137,2.47e-14
138,2.41e-14
139,2.37e-14
140,2.31e-14
141,2.27e-14
142,2.21e-14
143,2.16e-14
144,2.11e-14
145,2.06e-14
146,2.02e-14
147,1.93e-14
148,1.86e-14
149,1.84e-14
150,1.81e-14
151,1.79e-14
152,1.76e-14
153,1.75e-14
154,1.74e-14
155,1.74e-14
156,1.73e-14
157,1.73e-14
158,1.73e-14
159,1.72e-14
160,1.72e-14
161,1.71e-14
162,1.71e-14
163,1.71e-14
164,1.70e-14
165,1.70e-14
166,1.70e-14
167,1.69e-14
168,1.69e-14
169,1.66e-14
170,1.65e-14
171,1.64e-14
172,1.63e-14
173,1.62e-14
174,1.61e-14
175,1.60e-14
176,1.60e-14
177,1.61e-14
178,1.61e-14
179,1.61e-14
180,1.61e-14
181,1.61e-14
182,1.60e-14
183,1.60e-14
184,1.58e-14
185,1.58e-14
186,1.57e-14
187,1.57e-14
188,1.57e-14
189,1.57e-14
190,1.57e-14
191,1.56e-14
192,1.56e-14
193,1.56e-14
194,1.56e-14
195,1.57e-14
196,1.57e-14
197,1.57e-14
198,1.57e-14
199,1.57e-14
200,1.57e-14
201,1.57e-14
202,1.57e-14
203,1.57e-14
204,1.57e-14
205,1.57e-14
206,1.57e-14
207,1.57e-14
208,1.58e-14
209,1.58e-14
210,1.58e-14
211,1.58e-14
212,1.58e-14
213,1.58e-14
214,1.59e-14
215,1.60e-14
216,1.61e-14
217,1.62e-14
218,1.62e-14
219,1.64e-14
220,1.64e-14
221,1.65e-14
222,1.65e-14
223,1.66e-14
224,1.66e-14
225,1.66e-14
226,1.67e-14
227,1.67e-14
228,1.67e-14
229,1.68e-14
230,1.68e-14
231,1.69e-14
232,1.69e-14
233,1.70e-14
234,1.71e-14
235,1.72e-14
236,1.72e-14
237,1.73e-14
238,1.73e-14
239,1.74e-14
240,1.74e-14
241,1.75e-14
242,1.75e-14
243,1.76e-14
244,1.77e-14
245,1.77e-14
246,1.78e-14
247,1.79e-14
248,1.80e-14
249,1.80e-14
250,1.80e-14
251,1.81e-14
252,1.82e-14
253,1.81e-14
254,1.81e-14
255,1.81e-14
256,1.82e-14
257,1.81e-14
258,1.81e-14
259,1.80e-14
260,1.80e-14
261,1.80e-14
262,1.80e-14
263,1.80e-14
264,1.79e-14
265,1.79e-14
266,1.79e-14
267,1.79e-14
268,1.79e-14
269,1.79e-14
270,1.79e-14
271,1.79e-14
272,1.79e-14
273,1.79e-14
274,1.79e-14
275,1.79e-14
276,1.79e-14
277,1.78e-14
278,1.78e-14
279,1.78e-14
280,1.77e-14
281,1.77e-14
282,1.77e-14
283,1.76e-14
284,1.76e-14
285,1.75e-14
286,1.74e-14
287,1.73e-14
288,1.73e-14
289,1.72e-14
290,1.72e-14
291,1.71e-14
292,1.70e-14
293,1.69e-14
294,1.67e-14
295,1.66e-14
296,1.66e-14
297,1.65e-14
298,1.65e-14
299,1.65e-14
300,1.65e-14
301,1.66e-14
302,1.66e-14
303,1.67e-14
304,1.67e-14
305,1.68e-14
306,1.69e-14
307,1.69e-14
308,1.70e-14
309,1.71e-14
310,1.71e-14
311,1.72e-14
312,1.73e-14
313,1.73e-14
314,1.73e-14
315,1.74e-14
316,1.75e-14
317,1.76e-14
318,1.77e-14
319,1.77e-14
320,1.77e-14
321,1.78e-14
322,1.78e-14
323,1.79e-14
324,1.80e-14
325,1.80e-14
326,1.81e-14
327,1.81e-14
328,1.81e-14
329,1.81e-14
330,1.81e-14
331,1.81e-14
332,1.81e-14
333,1.81e-14
334,1.81e-14
335,1.81e-14
336,1.81e-14
337,1.82e-14
338,1.82e-14
339,1.82e-14
340,1.82e-14
341,1.82e-14
342,1.82e-14
343,1.81e-14
344,1.80e-14
345,1.79e-14
346,1.79e-14
347,1.78e-14
348,1.78e-14
349,1.77e-14
350,1.72e-14
351,1.72e-14
352,1.73e-14
353,1.74e-14
354,1.75e-14
355,1.76e-14
356,1.77e-14
357,1.78e-14
358,1.79e-14
359,1.79e-14
360,1.79e-14
361,1.79e-14
362,1.79e-14
363,1.79e-14
364,1.79e-14
365,1.79e-14
366,1.80e-14
367,1.80e-14
368,1.80e-14
369,1.80e-14
370,1.80e-14
371,1.81e-14
372,1.81e-14
373,1.81e-14
374,1.81e-14
375,1.81e-14
376,1.81e-14
377,1.81e-14
378,1.81e-14
379,1.80e-14
380,1.80e-14
381,1.80e-14
382,1.80e-14
383,1.80e-14
384,1.80e-14
385,1.80e-14
386,1.79e-14
387,1.78e-14
388,1.78e-14
389,1.78e-14
390,1.78e-14
391,1.78e-14
392,1.78e-14
393,1.78e-14
394,1.78e-14
395,1.77e-14
396,1.77e-14
397,1.77e-14
398,1.77e-14
399,1.77e-14
400,1.77e-14
401,1.77e-14
402,1.77e-14
403,1.76e-14
404,1.77e-14
405,1.77e-14
406,1.76e-14
407,1.76e-14
408,1.76e-14
409,1.76e-14
410,1.76e-14
411,1.76e-14
412,1.76e-14
413,1.76e-14
414,1.76e-14
415,1.76e-14
416,1.76e-14
417,1.76e-14
418,1.76e-14
419,1.77e-14
420,1.79e-14
421,1.79e-14
422,1.79e-14
423,1.78e-14
424,1.78e-14
425,1.78e-14
426,1.78e-14
427,1.78e-14
428,1.79e-14
429,1.79e-14
430,1.80e-14
431,1.80e-14
432,1.80e-14
433,1.80e-14
434,1.80e-14
435,1.80e-14
436,1.79e-14
437,1.79e-14
438,1.79e-14
439,1.79e-14
440,1.79e-14
441,1.79e-14
442,1.79e-14
443,1.79e-14
444,1.79e-14
445,1.79e-14
446,1.79e-14
447,1.79e-14
448,1.79e-14
449,1.79e-14
450,1.80e-14
451,1.80e-14
452,1.80e-14
453,1.80e-14
454,1.80e-14
455,1.80e-14
456,1.80e-14
457,1.80e-14
458,1.81e-14
459,1.81e-14
460,1.81e-14
461,1.81e-14
462,1.81e-14
463,1.81e-14
464,1.81e-14
465,1.81e-14
466,1.81e-14
467,1.82e-14
468,1.82e-14
469,1.82e-14
470,1.82e-14
471,1.82e-14
472,1.82e-14
473,1.82e-14
474,1.82e-14
475,1.82e-14
476,1.82e-14
477,1.82e-14
478,1.82e-14
479,1.82e-14
480,1.81e-14
481,1.82e-14
482,1.82e-14
483,1.82e-14
484,1.82e-14
485,1.82e-14
486,1.82e-14
487,1.82e-14
488,1.82e-14
489,1.83e-14
490,1.83e-14
491,1.83e-14
492,1.83e-14
493,1.83e-14
494,1.83e-14
495,1.82e-14
496,1.82e-14
497,1.82e-14
498,1.82e-14
499,1.82e-14
500,1.81e-14
7.647e-02,1.814e-14,-7.647e-02,13
Errors for iteration: 6, Kappa = 2.8
1,3.14e+01
2,1.32e+01
3,6.73e+00
4,4.58e+00
5,3.24e+00
6,2.41e+00
7,1.79e+00
8,1.36e+00
9,1.02e+00
10,7.78e-01
11,5.91e-01
12,4.50e-01
13,3.43e-01
14,2.62e-01
15,2.00e-01
16,1.53e-01
17,1.17e-01
18,8.99e-02
19,6.89e-02
20,5.28e-02
21,4.05e-02
22,3.11e-02
23,2.39e-02
24,1.83e-02
25,1.41e-02
26,1.08e-02
27,8.32e-03
28,6.40e-03
29,4.92e-03
30,3.78e-03
31,2.91e-03
32,2.23e-03
33,1.72e-03
34,1.32e-03
35,1.02e-03
36,7.82e-04
37,6.02e-04
38,4.63e-04
39,3.56e-04
40,2.74e-04
41,2.11e-04
42,1.62e-04
43,1.25e-04
44,9.60e-05
45,7.38e-05
46,5.68e-05
47,4.37e-05
48,3.36e-05
49,2.59e-05
50,1.99e-05
51,1.53e-05
52,1.18e-05
53,9.07e-06
54,6.98e-06
55,5.37e-06
56,4.13e-06
57,3.18e-06
58,2.45e-06
59,1.88e-06
60,1.45e-06
61,1.11e-06
62,8.58e-07
63,6.60e-07
64,5.08e-07
65,3.91e-07
66,3.01e-07
67,2.31e-07
68,1.78e-07
69,1.37e-07
70,1.05e-07
71,8.11e-08
72,6.24e-08
73,4.80e-08
74,3.70e-08
75,2.84e-08
76,2.19e-08
77,1.68e-08
78,1.30e-08
79,9.97e-09
80,7.67e-09
81,5.90e-09
82,4.54e-09
83,3.50e-09
84,2.69e-09
85,2.07e-09
86,1.59e-09
87,1.23e-09
88,9.43e-10
89,7.26e-10
90,5.58e-10
91,4.30e-10
92,3.31e-10
93,2.54e-10
94,1.96e-10
95,1.51e-10
96,1.16e-10
97,8.91e-11
98,6.86e-11
99,5.28e-11
100,4.06e-11
101,3.13e-11
102,2.40e-11
103,1.85e-11
104,1.43e-11
105,1.09e-11
106,8.41e-12
107,6.54e-12
108,4.92e-12
109,3.85e-12
110,2.96e-12
111,2.30e-12
112,1.77e-12
113,1.38e-12
114,1.04e-12
115,8.41e-13
116,6.82e-13
117,4.83e-13
118,3.89e-13
119,3.38e-13
120,2.55e-13
121,2.12e-13
122,1.67e-13
123,1.37e-13
124,1.15e-13
125,1.03e-13
126,9.42e-14
127,8.25e-14
128,6.81e-14
129,6.29e-14
130,4.78e-14
131,4.44e-14
132,4.20e-14
133,3.95e-14
134,3.65e-14
135,3.36e-14
136,3.23e-14
137,3.02e-14
138,2.87e-14
139,2.65e-14
140,2.44e-14
141,2.24e-14
142,2.14e-14
143,2.06e-14
144,1.98e-14
145,1.93e-14
146,1.89e-14
147,1.80e-14
148,1.75e-14
149,1.72e-14
150,1.69e-14
151,1.66e-14
152,1.64e-14
153,1.61e-14
154,1.59e-14
155,1.59e-14
156,1.59e-14
157,1.59e-14
158,1.58e-14
159,1.58e-14
160,1.57e-14
161,1.58e-14
162,1.59e-14
163,1.58e-14
164,1.58e-14
165,1.57e-14
166,1.56e-14
167,1.56e-14
168,1.57e-14
169,1.59e-14
170,1.60e-14
171,1.60e-14
172,1.60e-14
173,1.61e-14
174,1.61e-14
175,1.61e-14
176,1.62e-14
177,1.62e-14
178,1.63e-14
179,1.63e-14
180,1.64e-14
181,1.65e-14
182,1.66e-14
183,1.67e-14
184,1.68e-14
185,1.69e-14
186,1.70e-14
187,1.70e-14
188,1.71e-14
189,1.71e-14
190,1.71e-14
191,1.72e-14
192,1.72e-14
193,1.73e-14
194,1.73e-14
195,1.74e-14
196,1.74e-14
197,1.74e-14
198,1.75e-14
199,1.75e-14
200,1.76e-14
201,1.76e-14
202,1.77e-14
203,1.77e-14
204,1.77e-14
205,1.77e-14
206,1.78e-14
207,1.78e-14
208,1.78e-14
209,1.78e-14
210,1.79e-14
211,1.79e-14
212,1.78e-14
213,1.78e-14
214,1.78e-14
215,1.78e-14
216,1.78e-14
217,1.78e-14
218,1.78e-14
219,1.78e-14
220,1.78e-14
221,1.78e-14
222,1.78e-14
223,1.78e-14
224,1.78e-14
225,1.78e-14
226,1.78e-14
227,1.77e-14
228,1.76e-14
229,1.75e-14
230,1.75e-14
231,1.75e-14
232,1.75e-14
233,1.75e-14
234,1.74e-14
235,1.74e-14
236,1.73e-14
237,1.72e-14
238,1.72e-14
239,1.71e-14
240,1.70e-14
241,1.70e-14
242,1.70e-14
243,1.70e-14
244,1.69e-14
245,1.69e-14
246,1.68e-14
247,1.67e-14
248,1.66e-14
249,1.66e-14
250,1.64e-14
251,1.64e-14
252,1.63e-14
253,1.62e-14
254,1.61e-14
255,1.60e-14
256,1.59e-14
257,1.59e-14
258,1.59e-14
259,1.58e-14
260,1.57e-14
261,1.56e-14
262,1.56e-14
263,1.55e-14
264,1.54e-14
265,1.53e-14
266,1.52e-14
267,1.52e-14
268,1.51e-14
269,1.50e-14
270,1.49e-14
271,1.48e-14
272,1.47e-14
273,1.46e-14
274,1.45e-14
275,1.43e-14
276,1.42e-14
277,1.41e-14
278,1.37e-14
279,1.36e-14
280,1.35e-14
281,1.34e-14
282,1.33e-14
283,1.31e-14
284,1.28e-14
285,1.26e-14
286,1.26e-14
287,1.25e-14
288,1.24e-14
289,1.23e-14
290,1.21e-14
291,1.20e-14
292,1.17e-14
293,1.16e-14
294,1.14e-14
295,1.13e-14
296,1.11e-14
297,1.08e-14
298,1.06e-14
299,1.04e-14
300,1.02e-14
301,9.73e-15
302,9.79e-15
303,9.88e-15
304,1.00e-14
305,1.02e-14
306,1.04e-14
307,1.07e-14
308,1.07e-14
309,1.08e-14
310,1.08e-14
311,1.09e-14
312,1.10e-14
313,1.10e-14
314,1.11e-14
315,1.12e-14
316,1.12e-14
317,1.12e-14
318,1.12e-14
319,1.11e-14
320,1.11e-14
321,1.10e-14
322,1.10e-14
323,1.10e-14
324,1.10e-14
325,1.11e-14
326,1.11e-14
327,1.11e-14
328,1.11e-14
329,1.11e-14
330,1.11e-14
331,1.11e-14
332,1.10e-14
333,1.09e-14
334,1.09e-14
335,1.08e-14
336,1.08e-14
337,1.08e-14
338,1.07e-14
339,1.06e-14
340,1.06e-14
341,1.06e-14
342,1.06e-14
343,1.05e-14
344,1.05e-14
345,1.05e-14
346,1.05e-14
347,1.04e-14
348,1.04e-14
349,1.04e-14
350,1.04e-14
351,1.04e-14
352,1.03e-14
353,1.02e-14
354,1.02e-14
355,1.02e-14
356,1.01e-14
357,1.00e-14
358,1.00e-14
359,9.99e-15
360,9.95e-15
361,9.92e-15
362,9.89e-15
363,9.89e-15
364,9.84e-15
365,9.76e-15
366,9.73e-15
367,9.68e-15
368,9.66e-15
369,9.61e-15
370,9.49e-15
371,9.43e-15
372,9.38e-15
373,9.31e-15
374,9.29e-15
375,9.24e-15
376,9.21e-15
377,9.21e-15
378,9.19e-15
379,9.13e-15
380,9.10e-15
381,9.07e-15
382,9.03e-15
383,9.01e-15
384,8.97e-15
385,8.89e-15
386,8.85e-15
387,8.81e-15
388,8.78e-15
389,8.77e-15
390,8.77e-15
391,8.76e-15
392,8.70e-15
393,8.70e-15
394,8.68e-15
395,8.66e-15
396,8.66e-15
397,8.66e-15
398,8.66e-15
399,8.68e-15
400,8.69e-15
401,8.71e-15
402,8.70e-15
403,8.70e-15
404,8.69e-15
405,8.69e-15
406,8.69e-15
407,8.70e-15
408,8.70e-15
409,8.70e-15
410,8.70e-15
411,8.70e-15
412,8.70e-15
413,8.70e-15
414,8.70e-15
415,8.70e-15
416,8.70e-15
417,8.70e-15
418,8.70e-15
419,8.70e-15
420,8.70e-15
421,8.70e-15
422,8.70e-15
423,8.70e-15
424,8.70e-15
425,8.70e-15
426,8.70e-15
427,8.70e-15
428,8.73e-15
429,8.75e-15
430,8.76e-15
431,8.78e-15
432,8.79e-15
433,8.82e-15
434,8.82e-15
435,8.84e-15
436,8.86e-15
437,8.89e-15
438,8.97e-15
439,8.97e-15
440,8.99e-15
441,9.08e-15
442,9.33e-15
443,9.32e-15
444,9.33e-15
445,9.37e-15
446,9.37e-15
447,9.41e-15
448,9.42e-15
449,9.39e-15
450,9.39e-15
451,9.41e-15
452,9.44e-15
453,9.45e-15
454,9.55e-15
455,9.53e-15
456,9.53e-15
457,9.46e-15
458,9.44e-15
459,9.41e-15
460,9.49e-15
461,9.59e-15
462,9.63e-15
463,9.70e-15
464,9.74e-15
465,9.78e-15
466,9.81e-15
467,9.81e-15
468,9.82e-15
469,9.85e-15
470,9.87e-15
471,9.86e-15
472,9.88e-15
473,9.88e-15
474,9.77e-15
475,9.74e-15
476,9.69e-15
477,9.63e-15
478,9.51e-15
479,9.36e-15
480,9.25e-15
481,9.16e-15
482,9.13e-15
483,9.09e-15
484,9.03e-15
485,8.99e-15
486,8.95e-15
487,8.92e-15
488,8.90e-15
489,8.87e-15
490,8.81e-15
491,8.73e-15
492,8.65e-15
493,8.58e-15
494,8.50e-15
495,8.51e-15
496,8.51e-15
497,8.50e-15
498,8.46e-15
499,8.45e-15
500,8.45e-15
7.758e-02,8.448e-15,-7.758e-02,18
Errors for iteration: 7, Kappa = 3.1
1,3.35e+01
2,1.47e+01
3,6.75e+00
4,4.15e+00
5,2.70e+00
6,1.85e+00
7,1.31e+00
8,9.52e-01
9,7.04e-01
10,5.28e-01
11,4.00e-01
12,3.05e-01
13,2.33e-01
14,1.80e-01
15,1.39e-01
16,1.08e-01
17,8.41e-02
18,6.57e-02
19,5.14e-02
20,4.03e-02
21,3.17e-02
22,2.50e-02
23,1.97e-02
24,1.55e-02
25,1.23e-02
26,9.71e-03
27,7.69e-03
28,6.09e-03
29,4.83e-03
30,3.83e-03
31,3.04e-03
32,2.41e-03
33,1.92e-03
34,1.52e-03
35,1.21e-03
36,9.62e-04
37,7.65e-04
38,6.08e-04
39,4.84e-04
40,3.85e-04
41,3.06e-04
42,2.43e-04
43,1.94e-04
44,1.54e-04
45,1.23e-04
46,9.76e-05
47,7.77e-05
48,6.18e-05
49,4.92e-05
50,3.92e-05
51,3.12e-05
52,2.48e-05
53,1.98e-05
54,1.57e-05
55,1.25e-05
56,9.98e-06
57,7.95e-06
58,6.33e-06
59,5.04e-06
60,4.02e-06
61,3.20e-06
62,2.55e-06
63,2.03e-06
64,1.62e-06
65,1.29e-06
66,1.02e-06
67,8.16e-07
68,6.50e-07
69,5.18e-07
70,4.13e-07
71,3.29e-07
72,2.62e-07
73,2.09e-07
74,1.66e-07
75,1.32e-07
76,1.05e-07
77,8.40e-08
78,6.69e-08
79,5.33e-08
80,4.25e-08
81,3.38e-08
82,2.70e-08
83,2.15e-08
84,1.71e-08
85,1.36e-08
86,1.09e-08
87,8.65e-09
88,6.90e-09
89,5.49e-09
90,4.38e-09
91,3.49e-09
92,2.78e-09
93,2.21e-09
94,1.76e-09
95,1.41e-09
96,1.12e-09
97,8.92e-10
98,7.11e-10
99,5.67e-10
100,4.51e-10
101,3.60e-10
102,2.87e-10
103,2.28e-10
104,1.82e-10
105,1.45e-10
106,1.16e-10
107,9.21e-11
108,7.34e-11
109,5.83e-11
110,4.67e-11
111,3.70e-11
112,2.97e-11
113,2.34e-11
114,1.88e-11
115,1.48e-11
116,1.20e-11
117,9.44e-12
118,7.59e-12
119,6.04e-12
120,4.77e-12
121,3.79e-12
122,3.06e-12
123,2.45e-12
124,1.94e-12
125,1.62e-12
126,1.08e-12
127,9.09e-13
128,6.79e-13
129,5.59e-13
130,4.70e-13
131,3.75e-13
132,3.17e-13
133,2.49e-13
134,2.18e-13
135,1.75e-13
136,1.54e-13
137,1.30e-13
138,1.19e-13
139,1.07e-13
140,8.96e-14
141,8.16e-14
142,7.62e-14
143,7.02e-14
144,6.29e-14
145,5.83e-14
146,5.43e-14
147,5.06e-14
148,4.65e-14
149,4.28e-14
150,3.78e-14
151,3.02e-14
152,2.90e-14
153,2.81e-14
154,2.67e-14
155,2.58e-14
156,2.52e-14
157,2.43e-14
158,2.32e-14
159,2.23e-14
160,2.14e-14
161,2.09e-14
162,2.06e-14
163,2.01e-14
164,1.98e-14
165,1.91e-14
166,1.87e-14
167,1.85e-14
168,1.82e-14
169,1.79e-14
170,1.76e-14
171,1.73e-14
172,1.69e-14
173,1.66e-14
174,1.64e-14
175,1.63e-14
176,1.60e-14
177,1.57e-14
178,1.55e-14
179,1.50e-14
180,1.49e-14
181,1.48e-14
182,1.47e-14
183,1.46e-14
184,1.45e-14
185,1.44e-14
186,1.43e-14
187,1.41e-14
188,1.40e-14
189,1.39e-14
190,1.38e-14
191,1.37e-14
192,1.36e-14
193,1.35e-14
194,1.35e-14
195,1.34e-14
196,1.33e-14
197,1.33e-14
198,1.33e-14
199,1.32e-14
200,1.32e-14
201,1.31e-14
202,1.30e-14
203,1.30e-14
204,1.29e-14
205,1.29e-14
206,1.29e-14
207,1.29e-14
208,1.29e-14
209,1.29e-14
210,1.29e-14
211,1.28e-14
212,1.28e-14
213,1.28e-14
214,1.27e-14
215,1.27e-14
216,1.27e-14
217,1.26e-14
218,1.26e-14
219,1.26e-14
220,1.27e-14
221,1.27e-14
222,1.27e-14
223,1.26e-14
224,1.26e-14
225,1.26e-14
226,1.25e-14
227,1.25e-14
228,1.24e-14
229,1.25e-14
230,1.25e-14
231,1.25e-14
232,1.25e-14
233,1.25e-14
234,1.25e-14
235,1.25e-14
236,1.25e-14
237,1.24e-14
238,1.24e-14
239,1.24e-14
240,1.24e-14
241,1.24e-14
242,1.23e-14
243,1.23e-14
244,1.23e-14
245,1.22e-14
246,1.22e-14
247,1.22e-14
248,1.21e-14
249,1.21e-14
250,1.21e-14
251,1.20e-14
252,1.20e-14
253,1.20e-14
254,1.19e-14
255,1.19e-14
256,1.19e-14
257,1.18e-14
258,1.18e-14
259,1.18e-14
260,1.17e-14
261,1.17e-14
262,1.17e-14
263,1.17e-14
264,1.17e-14
265,1.17e-14
266,1.17e-14
267,1.16e-14
268,1.16e-14
269,1.16e-14
270,1.16e-14
271,1.16e-14
272,1.15e-14
273,1.15e-14
274,1.15e-14
275,1.15e-14
276,1.15e-14
277,1.15e-14
278,1.14e-14
279,1.14e-14
280,1.14e-14
281,1.14e-14
282,1.14e-14
283,1.14e-14
284,1.14e-14
285,1.14e-14
286,1.14e-14
287,1.14e-14
288,1.14e-14
289,1.14e-14
290,1.14e-14
291,1.14e-14
292,1.14e-14
293,1.14e-14
294,1.14e-14
295,1.14e-14
296,1.14e-14
297,1.14e-14
298,1.14e-14
299,1.15e-14
300,1.14e-14
301,1.14e-14
302,1.14e-14
303,1.14e-14
304,1.13e-14
305,1.13e-14
306,1.13e-14
307,1.13e-14
308,1.13e-14
309,1.12e-14
310,1.12e-14
311,1.12e-14
312,1.12e-14
313,1.12e-14
314,1.12e-14
315,1.12e-14
316,1.12e-14
317,1.12e-14
318,1.12e-14
319,1.12e-14
320,1.12e-14
321,1.12e-14
322,1.12e-14
323,1.12e-14
324,1.12e-14
325,1.12e-14
326,1.12e-14
327,1.13e-14
328,1.13e-14
329,1.13e-14
330,1.13e-14
331,1.13e-14
332,1.13e-14
333,1.13e-14
334,1.13e-14
335,1.13e-14
336,1.13e-14
337,1.13e-14
338,1.14e-14
339,1.13e-14
340,1.13e-14
341,1.14e-14
342,1.13e-14
343,1.13e-14
344,1.13e-14
345,1.13e-14
346,1.13e-14
347,1.13e-14
348,1.13e-14
349,1.13e-14
350,1.13e-14
351,1.12e-14
352,1.12e-14
353,1.12e-14
354,1.12e-14
355,1.12e-14
356,1.12e-14
357,1.12e-14
358,1.12e-14
359,1.12e-14
360,1.12e-14
361,1.12e-14
362,1.12e-14
363,1.12e-14
364,1.13e-14
365,1.13e-14
366,1.12e-14
367,1.12e-14
368,1.11e-14
369,1.11e-14
370,1.10e-14
371,1.10e-14
372,1.10e-14
373,1.10e-14
374,1.10e-14
375,1.10e-14
376,1.10e-14
377,1.11e-14
378,1.11e-14
379,1.12e-14
380,1.12e-14
381,1.12e-14
382,1.12e-14
383,1.12e-14
384,1.13e-14
385,1.13e-14
386,1.13e-14
387,1.14e-14
388,1.14e-14
389,1.14e-14
390,1.14e-14
391,1.15e-14
392,1.15e-14
393,1.15e-14
394,1.15e-14
395,1.15e-14
396,1.15e-14
397,1.15e-14
398,1.15e-14
399,1.15e-14
400,1.15e-14
401,1.15e-14
402,1.15e-14
403,1.15e-14
404,1.16e-14
405,1.16e-14
406,1.16e-14
407,1.16e-14
408,1.16e-14
409,1.16e-14
410,1.16e-14
411,1.16e-14
412,1.17e-14
413,1.17e-14
414,1.17e-14
415,1.17e-14
416,1.17e-14
417,1.18e-14
418,1.18e-14
419,1.18e-14
420,1.19e-14
421,1.19e-14
422,1.19e-14
423,1.19e-14
424,1.19e-14
425,1.20e-14
426,1.20e-14
427,1.20e-14
428,1.20e-14
429,1.20e-14
430,1.20e-14
431,1.20e-14
432,1.20e-14
433,1.21e-14
434,1.21e-14
435,1.22e-14
436,1.22e-14
437,1.22e-14
438,1.22e-14
439,1.22e-14
440,1.22e-14
441,1.21e-14
442,1.21e-14
443,1.21e-14
444,1.21e-14
445,1.21e-14
446,1.21e-14
447,1.21e-14
448,1.21e-14
449,1.21e-14
450,1.21e-14
451,1.21e-14
452,1.21e-14
453,1.21e-14
454,1.21e-14
455,1.21e-14
456,1.21e-14
457,1.21e-14
458,1.21e-14
459,1.21e-14
460,1.20e-14
461,1.20e-14
462,1.20e-14
463,1.20e-14
464,1.21e-14
465,1.21e-14
466,1.21e-14
467,1.21e-14
468,1.22e-14
469,1.22e-14
470,1.22e-14
471,1.22e-14
472,1.22e-14
473,1.23e-14
474,1.23e-14
475,1.24e-14
476,1.24e-14
477,1.25e-14
478,1.25e-14
479,1.24e-14
480,1.24e-14
481,1.23e-14
482,1.22e-14
483,1.22e-14
484,1.21e-14
485,1.21e-14
486,1.20e-14
487,1.20e-14
488,1.20e-14
489,1.20e-14
490,1.20e-14
491,1.20e-14
492,1.20e-14
493,1.19e-14
494,1.19e-14
495,1.18e-14
496,1.18e-14
497,1.18e-14
498,1.17e-14
499,1.17e-14
500,1.17e-14
1.153e-01,1.165e-14,-1.153e-01,15
Errors for iteration: 8, Kappa = 3.3
1,3.32e+01
2,1.55e+01
3,8.77e+00
4,6.71e+00
5,5.14e+00
6,4.03e+00
7,3.16e+00
8,2.51e+00
9,2.00e+00
10,1.61e+00
11,1.30e+00
12,1.05e+00
13,8.52e-01
14,6.93e-01
15,5.65e-01
16,4.61e-01
17,3.77e-01
18,3.09e-01
19,2.53e-01
20,2.07e-01
21,1.70e-01
22,1.39e-01
23,1.14e-01
24,9.40e-02
25,7.72e-02
26,6.35e-02
27,5.22e-02
28,4.29e-02
29,3.53e-02
30,2.90e-02
31,2.39e-02
32,1.97e-02
33,1.62e-02
34,1.33e-02
35,1.10e-02
36,9.03e-03
37,7.43e-03
38,6.12e-03
39,5.04e-03
40,4.15e-03
41,3.42e-03
42,2.82e-03
43,2.32e-03
44,1.91e-03
45,1.57e-03
46,1.30e-03
47,1.07e-03
48,8.80e-04
49,7.25e-04
50,5.97e-04
51,4.92e-04
52,4.05e-04
53,3.34e-04
54,2.75e-04
55,2.27e-04
56,1.87e-04
57,1.54e-04
58,1.27e-04
59,1.04e-04
60,8.61e-05
61,7.09e-05
62,5.84e-05
63,4.82e-05
64,3.97e-05
65,3.27e-05
66,2.69e-05
67,2.22e-05
68,1.83e-05
69,1.51e-05
70,1.24e-05
71,1.02e-05
72,8.43e-06
73,6.95e-06
74,5.72e-06
75,4.72e-06
76,3.89e-06
77,3.20e-06
78,2.64e-06
79,2.17e-06
80,1.79e-06
81,1.48e-06
82,1.22e-06
83,1.00e-06
84,8.26e-07
85,6.80e-07
86,5.61e-07
87,4.62e-07
88,3.81e-07
89,3.14e-07
90,2.58e-07
91,2.13e-07
92,1.75e-07
93,1.45e-07
94,1.19e-07
95,9.81e-08
96,8.09e-08
97,6.66e-08
98,5.49e-08
99,4.52e-08
100,3.73e-08
101,3.07e-08
102,2.53e-08
103,2.09e-08
104,1.72e-08
105,1.42e-08
106,1.17e-08
107,9.61e-09
108,7.92e-09
109,6.53e-09
110,5.38e-09
111,4.43e-09
112,3.65e-09
113,3.01e-09
114,2.48e-09
115,2.04e-09
116,1.68e-09
117,1.39e-09
118,1.14e-09
119,9.41e-10
120,7.75e-10
121,6.39e-10
122,5.27e-10
123,4.34e-10
124,3.57e-10
125,2.94e-10
126,2.43e-10
127,2.00e-10
128,1.65e-10
129,1.36e-10
130,1.12e-10
131,9.21e-11
132,7.59e-11
133,6.26e-11
134,5.16e-11
135,4.24e-11
136,3.50e-11
137,2.88e-11
138,2.36e-11
139,1.96e-11
140,1.61e-11
141,1.33e-11
142,1.10e-11
143,9.10e-12
144,7.39e-12
145,6.09e-12
146,5.09e-12
147,4.16e-12
148,3.41e-12
149,2.86e-12
150,2.29e-12
151,1.93e-12
152,1.58e-12
153,1.32e-12
154,1.11e-12
155,9.11e-13
156,7.67e-13
157,6.35e-13
158,5.60e-13
159,4.63e-13
160,4.04e-13
161,3.33e-13
162,2.94e-13
163,2.58e-13
164,2.30e-13
165,2.06e-13
166,1.86e-13
167,1.61e-13
168,1.52e-13
169,1.34e-13
170,1.24e-13
171,1.14e-13
172,1.01e-13
173,9.00e-14
174,8.58e-14
175,7.87e-14
176,7.38e-14
177,6.71e-14
178,6.35e-14
179,6.12e-14
180,5.80e-14
181,5.64e-14
182,5.44e-14
183,5.16e-14
184,4.90e-14
185,4.78e-14
186,4.51e-14
187,4.28e-14
188,4.13e-14
189,3.91e-14
190,3.64e-14
191,3.52e-14
192,3.44e-14
193,3.33e-14
194,3.26e-14
195,3.18e-14
196,3.12e-14
197,3.06e-14
198,3.01e-14
199,2.95e-14
200,2.89e-14
201,2.84e-14
202,2.80e-14
203,2.75e-14
204,2.71e-14
205,2.69e-14
206,2.64e-14
207,2.62e-14
208,2.59e-14
209,2.56e-14
210,2.52e-14
211,2.47e-14
212,2.43e-14
213,2.39e-14
214,2.33e-14
215,2.29e-14
216,2.21e-14
217,2.16e-14
218,2.12e-14
219,2.08e-14
220,2.05e-14
221,2.02e-14
222,2.01e-14
223,2.02e-14
224,2.02e-14
225,2.02e-14
226,2.02e-14
227,2.02e-14
228,2.02e-14
229,2.02e-14
230,2.02e-14
231,2.02e-14
232,2.02e-14
233,2.01e-14
234,2.00e-14
235,2.00e-14
236,2.01e-14
237,2.01e-14
238,2.02e-14
239,2.04e-14
240,2.05e-14
241,2.05e-14
242,2.05e-14
243,2.05e-14
244,2.04e-14
245,2.04e-14
246,2.04e-14
247,2.04e-14
248,2.04e-14
249,2.04e-14
250,2.04e-14
251,2.04e-14
252,2.04e-14
253,2.04e-14
254,2.05e-14
255,2.05e-14
256,2.05e-14
257,2.05e-14
258,2.05e-14
259,2.05e-14
260,2.05e-14
261,2.05e-14
262,2.05e-14
263,2.06e-14
264,2.06e-14
265,2.05e-14
266,2.06e-14
267,2.06e-14
268,2.06e-14
269,2.06e-14
270,2.07e-14
271,2.07e-14
272,2.08e-14
273,2.08e-14
274,2.09e-14
275,2.09e-14
276,2.10e-14
277,2.10e-14
278,2.11e-14
279,2.11e-14
280,2.11e-14
281,2.12e-14
282,2.12e-14
283,2.12e-14
284,2.13e-14
285,2.13e-14
286,2.13e-14
287,2.13e-14
288,2.14e-14
289,2.14e-14
290,2.14e-14
291,2.15e-14
292,2.16e-14
293,2.17e-14
294,2.17e-14
295,2.18e-14
296,2.19e-14
297,2.19e-14
298,2.21e-14
299,2.22e-14
300,2.23e-14
301,2.25e-14
302,2.26e-14
303,2.27e-14
304,2.28e-14
305,2.29e-14
306,2.30e-14
307,2.30e-14
308,2.30e-14
309,2.30e-14
310,2.30e-14
311,2.30e-14
312,2.31e-14
313,2.30e-14
314,2.31e-14
315,2.31e-14
316,2.31e-14
317,2.31e-14
318,2.31e-14
319,2.31e-14
320,2.31e-14
321,2.31e-14
322,2.31e-14
323,2.31e-14
324,2.30e-14
325,2.30e-14
326,2.30e-14
327,2.30e-14
328,2.29e-14
329,2.29e-14
330,2.29e-14
331,2.29e-14
332,2.28e-14
333,2.28e-14
334,2.27e-14
335,2.27e-14
336,2.26e-14
337,2.26e-14
338,2.25e-14
339,2.25e-14
340,2.25e-14
341,2.25e-14
342,2.25e-14
343,2.25e-14
344,2.25e-14
345,2.25e-14
346,2.25e-14
347,2.25e-14
348,2.25e-14
349,2.25e-14
350,2.25e-14
351,2.25e-14
352,2.25e-14
353,2.25e-14
354,2.25e-14
355,2.24e-14
356,2.24e-14
357,2.24e-14
358,2.24e-14
359,2.24e-14
360,2.23e-14
361,2.23e-14
362,2.23e-14
363,2.23e-14
364,2.23e-14
365,2.23e-14
366,2.23e-14
367,2.23e-14
368,2.23e-14
369,2.23e-14
370,2.23e-14
371,2.23e-14
372,2.23e-14
373,2.23e-14
374,2.23e-14
375,2.23e-14
376,2.23e-14
377,2.23e-14
378,2.23e-14
379,2.23e-14
380,2.23e-14
381,2.23e-14
382,2.23e-14
383,2.23e-14
384,2.23e-14
385,2.23e-14
386,2.23e-14
387,2.24e-14
388,2.24e-14
389,2.24e-14
390,2.23e-14
391,2.23e-14
392,2.21e-14
393,2.20e-14
394,2.20e-14
395,2.20e-14
396,2.19e-14
397,2.19e-14
398,2.19e-14
399,2.19e-14
400,2.19e-14
401,2.19e-14
402,2.19e-14
403,2.19e-14
404,2.19e-14
405,2.19e-14
406,2.19e-14
407,2.19e-14
408,2.19e-14
409,2.19e-14
410,2.19e-14
411,2.19e-14
412,2.19e-14
413,2.19e-14
414,2.19e-14
415,2.19e-14
416,2.19e-14
417,2.19e-14
418,2.19e-14
419,2.19e-14
420,2.19e-14
421,2.18e-14
422,2.17e-14
423,2.18e-14
424,2.17e-14
425,2.17e-14
426,2.17e-14
427,2.17e-14
428,2.17e-14
429,2.17e-14
430,2.17e-14
431,2.17e-14
432,2.17e-14
433,2.17e-14
434,2.17e-14
435,2.17e-14
436,2.17e-14
437,2.17e-14
438,2.17e-14
439,2.17e-14
440,2.17e-14
441,2.17e-14
442,2.17e-14
443,2.16e-14
444,2.16e-14
445,2.16e-14
446,2.17e-14
447,2.17e-14
448,2.16e-14
449,2.15e-14
450,2.15e-14
451,2.13e-14
452,2.13e-14
453,2.13e-14
454,2.13e-14
455,2.13e-14
456,2.13e-14
457,2.13e-14
458,2.13e-14
459,2.13e-14
460,2.13e-14
461,2.13e-14
462,2.13e-14
463,2.13e-14
464,2.13e-14
465,2.12e-14
466,2.12e-14
467,2.12e-14
468,2.12e-14
469,2.12e-14
470,2.12e-14
471,2.12e-14
472,2.12e-14
473,2.12e-14
474,2.12e-14
475,2.12e-14
476,2.13e-14
477,2.13e-14
478,2.13e-14
479,2.13e-14
480,2.13e-14
481,2.13e-14
482,2.13e-14
483,2.13e-14
484,2.13e-14
485,2.13e-14
486,2.13e-14
487,2.13e-14
488,2.14e-14
489,2.14e-14
490,2.14e-14
491,2.14e-14
492,2.14e-14
493,2.15e-14
494,2.14e-14
495,2.14e-14
496,2.13e-14
497,2.13e-14
498,2.12e-14
499,2.11e-14
500,2.10e-14
8.888e-02,2.103e-14,-8.888e-02,24
Errors for iteration: 9, Kappa = 2.9
1,3.20e+01
2,1.57e+01
3,8.82e+00
4,6.18e+00
5,4.33e+00
6,3.13e+00
7,2.26e+00
8,1.65e+00
9,1.21e+00
10,8.91e-01
11,6.59e-01
12,4.91e-01
13,3.67e-01
14,2.75e-01
15,2.08e-01
16,1.57e-01
17,1.20e-01
18,9.12e-02
19,6.97e-02
20,5.35e-02
21,4.11e-02
22,3.16e-02
23,2.44e-02
24,1.88e-02
25,1.46e-02
26,1.13e-02
27,8.71e-03
28,6.75e-03
29,5.23e-03
30,4.06e-03
31,3.15e-03
32,2.44e-03
33,1.89e-03
34,1.47e-03
35,1.14e-03
36,8.87e-04
37,6.89e-04
38,5.35e-04
39,4.16e-04
40,3.23e-04
41,2.51e-04
42,1.95e-04
43,1.52e-04
44,1.18e-04
45,9.15e-05
46,7.11e-05
47,5.53e-05
48,4.30e-05
49,3.34e-05
50,2.60e-05
51,2.02e-05
52,1.57e-05
53,1.22e-05
54,9.47e-06
55,7.36e-06
56,5.72e-06
57,4.45e-06
58,3.46e-06
59,2.69e-06
60,2.09e-06
61,1.62e-06
62,1.26e-06
63,9.82e-07
64,7.63e-07
65,5.93e-07
66,4.61e-07
67,3.58e-07
68,2.79e-07
69,2.17e-07
70,1.68e-07
71,1.31e-07
72,1.02e-07
73,7.91e-08
74,6.14e-08
75,4.78e-08
76,3.71e-08
77,2.89e-08
78,2.24e-08
79,1.74e-08
80,1.36e-08
81,1.05e-08
82,8.19e-09
83,6.37e-09
84,4.95e-09
85,3.85e-09
86,2.99e-09
87,2.32e-09
88,1.81e-09
89,1.40e-09
90,1.09e-09
91,8.48e-10
92,6.59e-10
93,5.13e-10
94,3.98e-10
95,3.10e-10
96,2.41e-10
97,1.87e-10
98,1.46e-10
99,1.13e-10
100,8.80e-11
101,6.80e-11
102,5.32e-11
103,4.12e-11
104,3.22e-11
105,2.48e-11
106,1.94e-11
107,1.49e-11
108,1.17e-11
109,9.18e-12
110,6.91e-12
111,5.53e-12
112,4.19e-12
113,3.22e-12
114,2.65e-12
115,1.77e-12
116,1.46e-12
117,1.03e-12
118,8.70e-13
119,7.13e-13
120,5.35e-13
121,4.02e-13
122,3.33e-13
123,2.86e-13
124,2.25e-13
125,1.99e-13
126,1.68e-13
127,1.43e-13
128,1.22e-13
129,1.10e-13
130,1.03e-13
131,9.44e-14
132,8.99e-14
133,8.57e-14
134,6.97e-14
135,6.10e-14
136,5.64e-14
137,4.97e-14
138,4.61e-14
139,4.19e-14
140,3.99e-14
141,3.86e-14
142,3.51e-14
143,3.21e-14
144,2.91e-14
145,2.80e-14
146,2.58e-14
147,2.39e-14
148,2.31e-14
149,2.16e-14
150,2.10e-14
151,2.00e-14
152,1.92e-14
153,1.87e-14
154,1.83e-14
155,1.80e-14
156,1.74e-14
157,1.71e-14
158,1.67e-14
159,1.64e-14
160,1.58e-14
161,1.56e-14
162,1.55e-14
163,1.53e-14
164,1.51e-14
165,1.49e-14
166,1.48e-14
167,1.46e-14
168,1.44e-14
169,1.42e-14
170,1.40e-14
171,1.36e-14
172,1.34e-14
173,1.31e-14
174,1.29e-14
175,1.27e-14
176,1.25e-14
177,1.23e-14
178,1.19e-14
179,1.18e-14
180,1.17e-14
181,1.15e-14
182,1.14e-14
183,1.13e-14
184,1.12e-14
185,1.11e-14
186,1.11e-14
187,1.09e-14
188,1.09e-14
189,1.08e-14
190,1.08e-14
191,1.10e-14
192,1.12e-14
193,1.16e-14
194,1.18e-14
195,1.21e-14
196,1.24e-14
197,1.26e-14
198,1.28e-14
199,1.29e-14
200,1.31e-14
201,1.33e-14
202,1.34e-14
203,1.35e-14
204,1.36e-14
205,1.36e-14
206,1.36e-14
207,1.35e-14
208,1.35e-14
209,1.32e-14
210,1.30e-14
211,1.30e-14
212,1.30e-14
213,1.30e-14
214,1.29e-14
215,1.28e-14
216,1.27e-14
217,1.25e-14
218,1.24e-14
219,1.23e-14
220,1.20e-14
221,1.18e-14
222,1.17e-14
223,1.16e-14
224,1.16e-14
225,1.16e-14
226,1.15e-14
227,1.15e-14
228,1.14e-14
229,1.14e-14
230,1.14e-14
231,1.13e-14
232,1.12e-14
233,1.12e-14
234,1.11e-14
235,1.10e-14
236,1.10e-14
237,1.09e-14
238,1.09e-14
239,1.08e-14
240,1.08e-14
241,1.08e-14
242,1.07e-14
243,1.07e-14
244,1.07e-14
245,1.07e-14
246,1.06e-14
247,1.06e-14
248,1.06e-14
249,1.05e-14
250,1.05e-14
251,1.05e-14
252,1.05e-14
253,1.05e-14
254,1.05e-14
255,1.06e-14
256,1.06e-14
257,1.06e-14
258,1.06e-14
259,1.06e-14
260,1.07e-14
261,1.07e-14
262,1.07e-14
263,1.07e-14
264,1.07e-14
265,1.07e-14
266,1.07e-14
267,1.07e-14
268,1.07e-14
269,1.07e-14
270,1.06e-14
271,1.06e-14
272,1.06e-14
273,1.06e-14
274,1.06e-14
275,1.05e-14
276,1.05e-14
277,1.05e-14
278,1.04e-14
279,1.04e-14
280,1.04e-14
281,1.03e-14
282,1.02e-14
283,1.02e-14
284,1.02e-14
285,1.02e-14
286,1.02e-14
287,1.02e-14
288,1.01e-14
289,1.01e-14
290,1.01e-14
291,9.98e-15
292,9.94e-15
293,9.87e-15
294,9.83e-15
295,9.81e-15
296,9.79e-15
297,9.77e-15
298,9.77e-15
299,9.77e-15
300,9.77e-15
301,9.77e-15
302,9.77e-15
303,9.77e-15
304,9.77e-15
305,9.73e-15
306,9.70e-15
307,9.69e-15
308,9.66e-15
309,9.66e-15
310,9.66e-15
311,9.66e-15
312,9.66e-15
313,9.66e-15
314,9.66e-15
315,9.66e-15
316,9.66e-15
317,9.66e-15
318,9.66e-15
319,9.66e-15
320,9.66e-15
321,9.66e-15
322,9.66e-15
323,9.66e-15
324,9.66e-15
325,9.66e-15
326,9.66e-15
327,9.66e-15
328,9.66e-15
329,9.66e-15
330,9.66e-15
331,9.66e-15
332,9.66e-15
333,9.66e-15
334,9.66e-15
335,9.66e-15
336,9.66e-15
337,9.67e-15
338,9.67e-15
339,9.69e-15
340,9.70e-15
341,9.70e-15
342,9.70e-15
343,9.70e-15
344,9.70e-15
345,9.70e-15
346,9.70e-15
347,9.70e-15
348,9.70e-15
349,9.70e-15
350,9.70e-15
351,9.70e-15
352,9.70e-15
353,9.70e-15
354,9.70e-15
355,9.70e-15
356,9.70e-15
357,9.70e-15
358,9.70e-15
359,9.70e-15
360,9.70e-15
361,9.70e-15
362,9.70e-15
363,9.70e-15
364,9.70e-15
365,9.70e-15
366,9.70e-15
367,9.70e-15
368,9.70e-15
369,9.70e-15
370,9.70e-15
371,9.70e-15
372,9.70e-15
373,9.70e-15
374,9.70e-15
375,9.70e-15
376,9.70e-15
377,9.70e-15
378,9.70e-15
379,9.70e-15
380,9.70e-15
381,9.70e-15
382,9.70e-15
383,9.70e-15
384,9.70e-15
385,9.70e-15
386,9.70e-15
387,9.70e-15
388,9.70e-15
389,9.70e-15
390,9.70e-15
391,9.70e-15
392,9.70e-15
393,9.70e-15
394,9.70e-15
395,9.70e-15
396,9.70e-15
397,9.70e-15
398,9.70e-15
399,9.70e-15
400,9.70e-15
401,9.70e-15
402,9.70e-15
403,9.70e-15
404,9.70e-15
405,9.70e-15
406,9.70e-15
407,9.70e-15
408,9.70e-15
409,9.70e-15
410,9.70e-15
411,9.70e-15
412,9.70e-15
413,9.70e-15
414,9.70e-15
415,9.70e-15
416,9.70e-15
417,9.70e-15
418,9.70e-15
419,9.70e-15
420,9.70e-15
421,9.70e-15
422,9.70e-15
423,9.70e-15
424,9.70e-15
425,9.70e-15
426,9.70e-15
427,9.70e-15
428,9.70e-15
429,9.70e-15
430,9.70e-15
431,9.70e-15
432,9.70e-15
433,9.70e-15
434,9.70e-15
435,9.70e-15
436,9.70e-15
437,9.70e-15
438,9.70e-15
439,9.70e-15
440,9.70e-15
441,9.70e-15
442,9.70e-15
443,9.70e-15
444,9.70e-15
445,9.70e-15
446,9.70e-15
447,9.70e-15
448,9.70e-15
449,9.70e-15
450,9.70e-15
451,9.70e-15
452,9.70e-15
453,9.70e-15
454,9.70e-15
455,9.70e-15
456,9.70e-15
457,9.70e-15
458,9.70e-15
459,9.70e-15
460,9.70e-15
461,9.70e-15
462,9.70e-15
463,9.70e-15
464,9.70e-15
465,9.70e-15
466,9.70e-15
467,9.70e-15
468,9.70e-15
469,9.70e-15
470,9.70e-15
471,9.70e-15
472,9.70e-15
473,9.70e-15
474,9.70e-15
475,9.70e-15
476,9.70e-15
477,9.70e-15
478,9.70e-15
479,9.70e-15
480,9.70e-15
481,9.70e-15
482,9.70e-15
483,9.70e-15
484,9.70e-15
485,9.70e-15
486,9.70e-15
487,9.70e-15
488,9.70e-15
489,9.70e-15
490,9.70e-15
491,9.70e-15
492,9.70e-15
493,9.70e-15
494,9.70e-15
495,9.70e-15
496,9.70e-15
497,9.70e-15
498,9.70e-15
499,9.70e-15
500,9.70e-15
8.659e-02,9.700e-15,-8.659e-02,18
Errors for iteration: 10, Kappa = 3.0
1,3.53e+01
2,1.61e+01
3,7.85e+00
4,5.28e+00
5,3.70e+00
6,2.68e+00
7,1.98e+00
8,1.48e+00
9,1.13e+00
10,8.69e-01
11,6.74e-01
12,5.27e-01
13,4.13e-01
14,3.26e-01
15,2.57e-01
16,2.04e-01
17,1.62e-01
18,1.28e-01
19,1.02e-01
20,8.12e-02
21,6.47e-02
22,5.16e-02
23,4.11e-02
24,3.28e-02
25,2.62e-02
26,2.10e-02
27,1.68e-02
28,1.34e-02
29,1.07e-02
30,8.59e-03
31,6.88e-03
32,5.51e-03
33,4.42e-03
34,3.55e-03
35,2.84e-03
36,2.28e-03
37,1.83e-03
38,1.47e-03
39,1.18e-03
40,9.50e-04
41,7.64e-04
42,6.14e-04
43,4.94e-04
44,3.97e-04
45,3.19e-04
46,2.57e-04
47,2.07e-04
48,1.67e-04
49,1.34e-04
50,1.08e-04
51,8.69e-05
52,7.00e-05
53,5.64e-05
54,4.55e-05
55,3.66e-05
56,2.95e-05
57,2.38e-05
58,1.92e-05
59,1.55e-05
60,1.25e-05
61,1.01e-05
62,8.11e-06
63,6.54e-06
64,5.27e-06
65,4.25e-06
66,3.43e-06
67,2.77e-06
68,2.23e-06
69,1.80e-06
70,1.45e-06
71,1.17e-06
72,9.45e-07
73,7.63e-07
74,6.15e-07
75,4.97e-07
76,4.01e-07
77,3.23e-07
78,2.61e-07
79,2.11e-07
80,1.70e-07
81,1.37e-07
82,1.11e-07
83,8.93e-08
84,7.21e-08
85,5.82e-08
86,4.70e-08
87,3.79e-08
88,3.06e-08
89,2.47e-08
90,1.99e-08
91,1.61e-08
92,1.30e-08
93,1.05e-08
94,8.46e-09
95,6.83e-09
96,5.51e-09
97,4.45e-09
98,3.59e-09
99,2.90e-09
100,2.34e-09
101,1.89e-09
102,1.52e-09
103,1.23e-09
104,9.93e-10
105,8.02e-10
106,6.47e-10
107,5.22e-10
108,4.22e-10
109,3.40e-10
110,2.75e-10
111,2.22e-10
112,1.79e-10
113,1.45e-10
114,1.17e-10
115,9.41e-11
116,7.61e-11
117,6.13e-11
118,4.95e-11
119,4.01e-11
120,3.23e-11
121,2.61e-11
122,2.11e-11
123,1.70e-11
124,1.37e-11
125,1.11e-11
126,8.90e-12
127,7.19e-12
128,5.80e-12
129,4.74e-12
130,3.75e-12
131,3.16e-12
132,2.35e-12
133,1.98e-12
134,1.51e-12
135,1.24e-12
136,1.01e-12
137,8.35e-13
138,6.58e-13
139,5.51e-13
140,4.28e-13
141,3.43e-13
142,2.83e-13
143,2.46e-13
144,2.14e-13
145,1.80e-13
146,1.55e-13
147,1.35e-13
148,1.23e-13
149,1.12e-13
150,9.82e-14
151,9.32e-14
152,8.49e-14
153,7.68e-14
154,7.21e-14
155,6.14e-14
156,5.79e-14
157,4.73e-14
158,4.46e-14
159,4.16e-14
160,3.98e-14
161,3.74e-14
162,3.63e-14
163,3.52e-14
164,3.43e-14
165,3.31e-14
166,3.20e-14
167,3.09e-14
168,2.98e-14
169,2.87e-14
170,2.80e-14
171,2.75e-14
172,2.58e-14
173,2.52e-14
174,2.43e-14
175,2.35e-14
176,2.30e-14
177,2.19e-14
178,2.13e-14
179,2.09e-14
180,2.04e-14
181,2.01e-14
182,1.96e-14
183,1.88e-14
184,1.85e-14
185,1.82e-14
186,1.76e-14
187,1.72e-14
188,1.69e-14
189,1.65e-14
190,1.60e-14
191,1.56e-14
192,1.52e-14
193,1.50e-14
194,1.47e-14
195,1.45e-14
196,1.41e-14
197,1.38e-14
198,1.37e-14
199,1.34e-14
200,1.32e-14
201,1.30e-14
202,1.28e-14
203,1.27e-14
204,1.26e-14
205,1.25e-14
206,1.23e-14
207,1.22e-14
208,1.19e-14
209,1.18e-14
210,1.16e-14
211,1.14e-14
212,1.13e-14
213,1.11e-14
214,1.09e-14
215,1.07e-14
216,1.05e-14
217,1.04e-14
218,1.03e-14
219,1.02e-14
220,1.01e-14
221,1.01e-14
222,1.00e-14
223,9.96e-15
224,9.92e-15
225,1.00e-14
226,1.02e-14
227,1.02e-14
228,1.01e-14
229,1.01e-14
230,1.01e-14
231,1.01e-14
232,1.00e-14
233,1.00e-14
234,9.98e-15
235,9.95e-15
236,9.93e-15
237,9.89e-15
238,9.85e-15
239,9.82e-15
240,9.73e-15
241,9.90e-15
242,9.97e-15
243,1.01e-14
244,1.01e-14
245,1.02e-14
246,1.04e-14
247,1.05e-14
248,1.05e-14
249,1.05e-14
250,1.05e-14
251,1.06e-14
252,1.07e-14
253,1.07e-14
254,1.08e-14
255,1.11e-14
256,1.11e-14
257,1.11e-14
258,1.11e-14
259,1.11e-14
260,1.11e-14
261,1.11e-14
262,1.11e-14
263,1.11e-14
264,1.11e-14
265,1.11e-14
266,1.11e-14
267,1.11e-14
268,1.11e-14
269,1.11e-14
270,1.11e-14
271,1.11e-14
272,1.11e-14
273,1.12e-14
274,1.12e-14
275,1.12e-14
276,1.13e-14
277,1.13e-14
278,1.13e-14
279,1.13e-14
280,1.14e-14
281,1.14e-14
282,1.14e-14
283,1.15e-14
284,1.15e-14
285,1.17e-14
286,1.20e-14
287,1.21e-14
288,1.23e-14
289,1.24e-14
290,1.26e-14
291,1.26e-14
292,1.26e-14
293,1.27e-14
294,1.27e-14
295,1.28e-14
296,1.29e-14
297,1.30e-14
298,1.32e-14
299,1.33e-14
300,1.35e-14
301,1.36e-14
302,1.38e-14
303,1.38e-14
304,1.39e-14
305,1.42e-14
306,1.46e-14
307,1.49e-14
308,1.53e-14
309,1.54e-14
310,1.55e-14
311,1.56e-14
312,1.57e-14
313,1.57e-14
314,1.57e-14
315,1.57e-14
316,1.58e-14
317,1.58e-14
318,1.59e-14
319,1.59e-14
320,1.60e-14
321,1.60e-14
322,1.60e-14
323,1.60e-14
324,1.60e-14
325,1.61e-14
326,1.61e-14
327,1.61e-14
328,1.61e-14
329,1.61e-14
330,1.61e-14
331,1.61e-14
332,1.62e-14
333,1.63e-14
334,1.63e-14
335,1.65e-14
336,1.66e-14
337,1.67e-14
338,1.67e-14
339,1.67e-14
340,1.66e-14
341,1.66e-14
342,1.66e-14
343,1.66e-14
344,1.65e-14
345,1.65e-14
346,1.64e-14
347,1.65e-14
348,1.65e-14
349,1.66e-14
350,1.66e-14
351,1.66e-14
352,1.68e-14
353,1.67e-14
354,1.67e-14
355,1.67e-14
356,1.68e-14
357,1.69e-14
358,1.69e-14
359,1.68e-14
360,1.67e-14
361,1.67e-14
362,1.66e-14
363,1.66e-14
364,1.66e-14
365,1.65e-14
366,1.66e-14
367,1.66e-14
368,1.67e-14
369,1.67e-14
370,1.67e-14
371,1.67e-14
372,1.67e-14
373,1.67e-14
374,1.68e-14
375,1.68e-14
376,1.68e-14
377,1.68e-14
378,1.68e-14
379,1.68e-14
380,1.69e-14
381,1.70e-14
382,1.71e-14
383,1.71e-14
384,1.72e-14
385,1.72e-14
386,1.72e-14
387,1.73e-14
388,1.74e-14
389,1.74e-14
390,1.74e-14
391,1.76e-14
392,1.76e-14
393,1.77e-14
394,1.77e-14
395,1.77e-14
396,1.77e-14
397,1.77e-14
398,1.77e-14
399,1.77e-14
400,1.77e-14
401,1.78e-14
402,1.78e-14
403,1.77e-14
404,1.77e-14
405,1.78e-14
406,1.78e-14
407,1.78e-14
408,1.78e-14
409,1.78e-14
410,1.79e-14
411,1.79e-14
412,1.79e-14
413,1.80e-14
414,1.80e-14
415,1.80e-14
416,1.80e-14
417,1.80e-14
418,1.80e-14
419,1.80e-14
420,1.79e-14
421,1.79e-14
422,1.79e-14
423,1.79e-14
424,1.78e-14
425,1.78e-14
426,1.78e-14
427,1.77e-14
428,1.76e-14
429,1.76e-14
430,1.76e-14
431,1.75e-14
432,1.75e-14
433,1.75e-14
434,1.75e-14
435,1.75e-14
436,1.75e-14
437,1.74e-14
438,1.74e-14
439,1.74e-14
440,1.74e-14
441,1.73e-14
442,1.73e-14
443,1.72e-14
444,1.72e-14
445,1.71e-14
446,1.71e-14
447,1.70e-14
448,1.69e-14
449,1.66e-14
450,1.66e-14
451,1.65e-14
452,1.64e-14
453,1.64e-14
454,1.63e-14
455,1.62e-14
456,1.61e-14
457,1.61e-14
458,1.60e-14
459,1.59e-14
460,1.59e-14
461,1.58e-14
462,1.57e-14
463,1.57e-14
464,1.57e-14
465,1.56e-14
466,1.56e-14
467,1.56e-14
468,1.56e-14
469,1.56e-14
470,1.56e-14
471,1.56e-14
472,1.56e-14
473,1.56e-14
474,1.56e-14
475,1.56e-14
476,1.56e-14
477,1.56e-14
478,1.56e-14
479,1.57e-14
480,1.57e-14
481,1.57e-14
482,1.56e-14
483,1.56e-14
484,1.56e-14
485,1.56e-14
486,1.56e-14
487,1.56e-14
488,1.56e-14
489,1.56e-14
490,1.56e-14
491,1.56e-14
492,1.56e-14
493,1.56e-14
494,1.56e-14
495,1.56e-14
496,1.56e-14
497,1.56e-14
498,1.56e-14
499,1.56e-14
500,1.56e-14
7.344e-02,1.555e-14,-7.344e-02,20
