Error LeastSq,Error TP, Error LstSq - Error TP,Iterations for lower error than Least Squares
Errors for iteration: 1
1,3.60e+01
2,3.54e+01
3,3.50e+01
4,3.47e+01
5,3.45e+01
6,3.43e+01
7,3.42e+01
8,3.40e+01
9,3.39e+01
10,3.38e+01
11,3.37e+01
12,3.36e+01
13,3.35e+01
14,3.34e+01
15,3.34e+01
16,3.33e+01
17,3.33e+01
18,3.32e+01
19,3.31e+01
20,3.31e+01
21,3.30e+01
22,3.30e+01
23,3.29e+01
24,3.29e+01
25,3.29e+01
26,3.28e+01
27,3.28e+01
28,3.27e+01
29,3.27e+01
30,3.27e+01
31,3.26e+01
32,3.26e+01
33,3.26e+01
34,3.25e+01
35,3.25e+01
36,3.25e+01
37,3.25e+01
38,3.24e+01
39,3.24e+01
40,3.24e+01
41,3.24e+01
42,3.23e+01
43,3.23e+01
44,3.23e+01
45,3.23e+01
46,3.22e+01
47,3.22e+01
48,3.22e+01
49,3.22e+01
50,3.22e+01
51,3.21e+01
52,3.21e+01
53,3.21e+01
54,3.21e+01
55,3.21e+01
56,3.21e+01
57,3.20e+01
58,3.20e+01
59,3.20e+01
60,3.20e+01
61,3.20e+01
62,3.20e+01
63,3.19e+01
64,3.19e+01
65,3.19e+01
66,3.19e+01
67,3.19e+01
68,3.19e+01
69,3.18e+01
70,3.18e+01
71,3.18e+01
72,3.18e+01
73,3.18e+01
74,3.18e+01
75,3.18e+01
76,3.18e+01
77,3.17e+01
78,3.17e+01
79,3.17e+01
80,3.17e+01
81,3.17e+01
82,3.17e+01
83,3.17e+01
84,3.17e+01
85,3.16e+01
86,3.16e+01
87,3.16e+01
88,3.16e+01
89,3.16e+01
90,3.16e+01
91,3.16e+01
92,3.16e+01
93,3.16e+01
94,3.15e+01
95,3.15e+01
96,3.15e+01
97,3.15e+01
98,3.15e+01
99,3.15e+01
100,3.15e+01
101,3.15e+01
102,3.15e+01
103,3.15e+01
104,3.15e+01
105,3.14e+01
106,3.14e+01
107,3.14e+01
108,3.14e+01
109,3.14e+01
110,3.14e+01
111,3.14e+01
112,3.14e+01
113,3.14e+01
114,3.14e+01
115,3.14e+01
116,3.13e+01
117,3.13e+01
118,3.13e+01
119,3.13e+01
120,3.13e+01
121,3.13e+01
122,3.13e+01
123,3.13e+01
124,3.13e+01
125,3.13e+01
126,3.13e+01
127,3.13e+01
128,3.13e+01
129,3.12e+01
130,3.12e+01
131,3.12e+01
132,3.12e+01
133,3.12e+01
134,3.12e+01
135,3.12e+01
136,3.12e+01
137,3.12e+01
138,3.12e+01
139,3.12e+01
140,3.12e+01
141,3.12e+01
142,3.12e+01
143,3.11e+01
144,3.11e+01
145,3.11e+01
146,3.11e+01
147,3.11e+01
148,3.11e+01
149,3.11e+01
150,3.11e+01
151,3.11e+01
152,3.11e+01
153,3.11e+01
154,3.11e+01
155,3.11e+01
156,3.11e+01
157,3.11e+01
158,3.11e+01
159,3.10e+01
160,3.10e+01
161,3.10e+01
162,3.10e+01
163,3.10e+01
164,3.10e+01
165,3.10e+01
166,3.10e+01
167,3.10e+01
168,3.10e+01
169,3.10e+01
170,3.10e+01
171,3.10e+01
172,3.10e+01
173,3.10e+01
174,3.10e+01
175,3.10e+01
176,3.10e+01
177,3.09e+01
178,3.09e+01
179,3.09e+01
180,3.09e+01
181,3.09e+01
182,3.09e+01
183,3.09e+01
184,3.09e+01
185,3.09e+01
186,3.09e+01
187,3.09e+01
188,3.09e+01
189,3.09e+01
190,3.09e+01
191,3.09e+01
192,3.09e+01
193,3.09e+01
194,3.09e+01
195,3.09e+01
196,3.08e+01
197,3.08e+01
198,3.08e+01
199,3.08e+01
200,3.08e+01
201,3.08e+01
202,3.08e+01
203,3.08e+01
204,3.08e+01
205,3.08e+01
206,3.08e+01
207,3.08e+01
208,3.08e+01
209,3.08e+01
210,3.08e+01
211,3.08e+01
212,3.08e+01
213,3.08e+01
214,3.08e+01
215,3.08e+01
216,3.08e+01
217,3.08e+01
218,3.07e+01
219,3.07e+01
220,3.07e+01
221,3.07e+01
222,3.07e+01
223,3.07e+01
224,3.07e+01
225,3.07e+01
226,3.07e+01
227,3.07e+01
228,3.07e+01
229,3.07e+01
230,3.07e+01
231,3.07e+01
232,3.07e+01
233,3.07e+01
234,3.07e+01
235,3.07e+01
236,3.07e+01
237,3.07e+01
238,3.07e+01
239,3.07e+01
240,3.07e+01
241,3.07e+01
242,3.07e+01
243,3.06e+01
244,3.06e+01
245,3.06e+01
246,3.06e+01
247,3.06e+01
248,3.06e+01
249,3.06e+01
250,3.06e+01
251,3.06e+01
252,3.06e+01
253,3.06e+01
254,3.06e+01
255,3.06e+01
256,3.06e+01
257,3.06e+01
258,3.06e+01
259,3.06e+01
260,3.06e+01
261,3.06e+01
262,3.06e+01
263,3.06e+01
264,3.06e+01
265,3.06e+01
266,3.06e+01
267,3.06e+01
268,3.06e+01
269,3.06e+01
270,3.06e+01
271,3.05e+01
272,3.05e+01
273,3.05e+01
274,3.05e+01
275,3.05e+01
276,3.05e+01
277,3.05e+01
278,3.05e+01
279,3.05e+01
280,3.05e+01
281,3.05e+01
282,3.05e+01
283,3.05e+01
284,3.05e+01
285,3.05e+01
286,3.05e+01
287,3.05e+01
288,3.05e+01
289,3.05e+01
290,3.05e+01
291,3.05e+01
292,3.05e+01
293,3.05e+01
294,3.05e+01
295,3.05e+01
296,3.05e+01
297,3.05e+01
298,3.05e+01
299,3.05e+01
300,3.05e+01
301,3.05e+01
302,3.04e+01
303,3.04e+01
304,3.04e+01
305,3.04e+01
306,3.04e+01
307,3.04e+01
308,3.04e+01
309,3.04e+01
310,3.04e+01
311,3.04e+01
312,3.04e+01
313,3.04e+01
314,3.04e+01
315,3.04e+01
316,3.04e+01
317,3.04e+01
318,3.04e+01
319,3.04e+01
320,3.04e+01
321,3.04e+01
322,3.04e+01
323,3.04e+01
324,3.04e+01
325,3.04e+01
326,3.04e+01
327,3.04e+01
328,3.04e+01
329,3.04e+01
330,3.04e+01
331,3.04e+01
332,3.04e+01
333,3.04e+01
334,3.04e+01
335,3.04e+01
336,3.04e+01
337,3.03e+01
338,3.03e+01
339,3.03e+01
340,3.03e+01
341,3.03e+01
342,3.03e+01
343,3.03e+01
344,3.03e+01
345,3.03e+01
346,3.03e+01
347,3.03e+01
348,3.03e+01
349,3.03e+01
350,3.03e+01
351,3.03e+01
352,3.03e+01
353,3.03e+01
354,3.03e+01
355,3.03e+01
356,3.03e+01
357,3.03e+01
358,3.03e+01
359,3.03e+01
360,3.03e+01
361,3.03e+01
362,3.03e+01
363,3.03e+01
364,3.03e+01
365,3.03e+01
366,3.03e+01
367,3.03e+01
368,3.03e+01
369,3.03e+01
370,3.03e+01
371,3.03e+01
372,3.03e+01
373,3.03e+01
374,3.03e+01
375,3.03e+01
376,3.02e+01
377,3.02e+01
378,3.02e+01
379,3.02e+01
380,3.02e+01
381,3.02e+01
382,3.02e+01
383,3.02e+01
384,3.02e+01
385,3.02e+01
386,3.02e+01
387,3.02e+01
388,3.02e+01
389,3.02e+01
390,3.02e+01
391,3.02e+01
392,3.02e+01
393,3.02e+01
394,3.02e+01
395,3.02e+01
396,3.02e+01
397,3.02e+01
398,3.02e+01
399,3.02e+01
400,3.02e+01
401,3.02e+01
402,3.02e+01
403,3.02e+01
404,3.02e+01
405,3.02e+01
406,3.02e+01
407,3.02e+01
408,3.02e+01
409,3.02e+01
410,3.02e+01
411,3.02e+01
412,3.02e+01
413,3.02e+01
414,3.02e+01
415,3.02e+01
416,3.02e+01
417,3.02e+01
418,3.02e+01
419,3.01e+01
420,3.01e+01
421,3.01e+01
422,3.01e+01
423,3.01e+01
424,3.01e+01
425,3.01e+01
426,3.01e+01
427,3.01e+01
428,3.01e+01
429,3.01e+01
430,3.01e+01
431,3.01e+01
432,3.01e+01
433,3.01e+01
434,3.01e+01
435,3.01e+01
436,3.01e+01
437,3.01e+01
438,3.01e+01
439,3.01e+01
440,3.01e+01
441,3.01e+01
442,3.01e+01
443,3.01e+01
444,3.01e+01
445,3.01e+01
446,3.01e+01
447,3.01e+01
448,3.01e+01
449,3.01e+01
450,3.01e+01
451,3.01e+01
452,3.01e+01
453,3.01e+01
454,3.01e+01
455,3.01e+01
456,3.01e+01
457,3.01e+01
458,3.01e+01
459,3.01e+01
460,3.01e+01
461,3.01e+01
462,3.01e+01
463,3.01e+01
464,3.01e+01
465,3.01e+01
466,3.01e+01
467,3.01e+01
468,3.00e+01
469,3.00e+01
470,3.00e+01
471,3.00e+01
472,3.00e+01
473,3.00e+01
474,3.00e+01
475,3.00e+01
476,3.00e+01
477,3.00e+01
478,3.00e+01
479,3.00e+01
480,3.00e+01
481,3.00e+01
482,3.00e+01
483,3.00e+01
484,3.00e+01
485,3.00e+01
486,3.00e+01
487,3.00e+01
488,3.00e+01
489,3.00e+01
490,3.00e+01
491,3.00e+01
492,3.00e+01
493,3.00e+01
494,3.00e+01
495,3.00e+01
496,3.00e+01
497,3.00e+01
498,3.00e+01
499,3.00e+01
500,3.00e+01
1.001e-01,2.999e+01,2.989e+01,500
Errors for iteration: 2
1,3.15e+01
2,3.09e+01
3,3.05e+01
4,3.02e+01
5,3.00e+01
6,2.98e+01
7,2.97e+01
8,2.95e+01
9,2.94e+01
10,2.93e+01
11,2.92e+01
12,2.91e+01
13,2.90e+01
14,2.90e+01
15,2.89e+01
16,2.88e+01
17,2.88e+01
18,2.87e+01
19,2.87e+01
20,2.86e+01
21,2.86e+01
22,2.85e+01
23,2.85e+01
24,2.84e+01
25,2.84e+01
26,2.83e+01
27,2.83e+01
28,2.83e+01
29,2.82e+01
30,2.82e+01
31,2.82e+01
32,2.81e+01
33,2.81e+01
34,2.81e+01
35,2.80e+01
36,2.80e+01
37,2.80e+01
38,2.80e+01
39,2.79e+01
40,2.79e+01
41,2.79e+01
42,2.79e+01
43,2.78e+01
44,2.78e+01
45,2.78e+01
46,2.78e+01
47,2.78e+01
48,2.77e+01
49,2.77e+01
50,2.77e+01
51,2.77e+01
52,2.77e+01
53,2.76e+01
54,2.76e+01
55,2.76e+01
56,2.76e+01
57,2.76e+01
58,2.75e+01
59,2.75e+01
60,2.75e+01
61,2.75e+01
62,2.75e+01
63,2.75e+01
64,2.75e+01
65,2.74e+01
66,2.74e+01
67,2.74e+01
68,2.74e+01
69,2.74e+01
70,2.74e+01
71,2.74e+01
72,2.73e+01
73,2.73e+01
74,2.73e+01
75,2.73e+01
76,2.73e+01
77,2.73e+01
78,2.73e+01
79,2.72e+01
80,2.72e+01
81,2.72e+01
82,2.72e+01
83,2.72e+01
84,2.72e+01
85,2.72e+01
86,2.72e+01
87,2.72e+01
88,2.71e+01
89,2.71e+01
90,2.71e+01
91,2.71e+01
92,2.71e+01
93,2.71e+01
94,2.71e+01
95,2.71e+01
96,2.71e+01
97,2.71e+01
98,2.70e+01
99,2.70e+01
100,2.70e+01
101,2.70e+01
102,2.70e+01
103,2.70e+01
104,2.70e+01
105,2.70e+01
106,2.70e+01
107,2.70e+01
108,2.70e+01
109,2.69e+01
110,2.69e+01
111,2.69e+01
112,2.69e+01
113,2.69e+01
114,2.69e+01
115,2.69e+01
116,2.69e+01
117,2.69e+01
118,2.69e+01
119,2.69e+01
120,2.69e+01
121,2.68e+01
122,2.68e+01
123,2.68e+01
124,2.68e+01
125,2.68e+01
126,2.68e+01
127,2.68e+01
128,2.68e+01
129,2.68e+01
130,2.68e+01
131,2.68e+01
132,2.68e+01
133,2.68e+01
134,2.67e+01
135,2.67e+01
136,2.67e+01
137,2.67e+01
138,2.67e+01
139,2.67e+01
140,2.67e+01
141,2.67e+01
142,2.67e+01
143,2.67e+01
144,2.67e+01
145,2.67e+01
146,2.67e+01
147,2.67e+01
148,2.67e+01
149,2.66e+01
150,2.66e+01
151,2.66e+01
152,2.66e+01
153,2.66e+01
154,2.66e+01
155,2.66e+01
156,2.66e+01
157,2.66e+01
158,2.66e+01
159,2.66e+01
160,2.66e+01
161,2.66e+01
162,2.66e+01
163,2.66e+01
164,2.66e+01
165,2.66e+01
166,2.65e+01
167,2.65e+01
168,2.65e+01
169,2.65e+01
170,2.65e+01
171,2.65e+01
172,2.65e+01
173,2.65e+01
174,2.65e+01
175,2.65e+01
176,2.65e+01
177,2.65e+01
178,2.65e+01
179,2.65e+01
180,2.65e+01
181,2.65e+01
182,2.65e+01
183,2.65e+01
184,2.65e+01
185,2.64e+01
186,2.64e+01
187,2.64e+01
188,2.64e+01
189,2.64e+01
190,2.64e+01
191,2.64e+01
192,2.64e+01
193,2.64e+01
194,2.64e+01
195,2.64e+01
196,2.64e+01
197,2.64e+01
198,2.64e+01
199,2.64e+01
200,2.64e+01
201,2.64e+01
202,2.64e+01
203,2.64e+01
204,2.64e+01
205,2.64e+01
206,2.63e+01
207,2.63e+01
208,2.63e+01
209,2.63e+01
210,2.63e+01
211,2.63e+01
212,2.63e+01
213,2.63e+01
214,2.63e+01
215,2.63e+01
216,2.63e+01
217,2.63e+01
218,2.63e+01
219,2.63e+01
220,2.63e+01
221,2.63e+01
222,2.63e+01
223,2.63e+01
224,2.63e+01
225,2.63e+01
226,2.63e+01
227,2.63e+01
228,2.63e+01
229,2.63e+01
230,2.62e+01
231,2.62e+01
232,2.62e+01
233,2.62e+01
234,2.62e+01
235,2.62e+01
236,2.62e+01
237,2.62e+01
238,2.62e+01
239,2.62e+01
240,2.62e+01
241,2.62e+01
242,2.62e+01
243,2.62e+01
244,2.62e+01
245,2.62e+01
246,2.62e+01
247,2.62e+01
248,2.62e+01
249,2.62e+01
250,2.62e+01
251,2.62e+01
252,2.62e+01
253,2.62e+01
254,2.62e+01
255,2.62e+01
256,2.61e+01
257,2.61e+01
258,2.61e+01
259,2.61e+01
260,2.61e+01
261,2.61e+01
262,2.61e+01
263,2.61e+01
264,2.61e+01
265,2.61e+01
266,2.61e+01
267,2.61e+01
268,2.61e+01
269,2.61e+01
270,2.61e+01
271,2.61e+01
272,2.61e+01
273,2.61e+01
274,2.61e+01
275,2.61e+01
276,2.61e+01
277,2.61e+01
278,2.61e+01
279,2.61e+01
280,2.61e+01
281,2.61e+01
282,2.61e+01
283,2.61e+01
284,2.61e+01
285,2.61e+01
286,2.60e+01
287,2.60e+01
288,2.60e+01
289,2.60e+01
290,2.60e+01
291,2.60e+01
292,2.60e+01
293,2.60e+01
294,2.60e+01
295,2.60e+01
296,2.60e+01
297,2.60e+01
298,2.60e+01
299,2.60e+01
300,2.60e+01
301,2.60e+01
302,2.60e+01
303,2.60e+01
304,2.60e+01
305,2.60e+01
306,2.60e+01
307,2.60e+01
308,2.60e+01
309,2.60e+01
310,2.60e+01
311,2.60e+01
312,2.60e+01
313,2.60e+01
314,2.60e+01
315,2.60e+01
316,2.60e+01
317,2.60e+01
318,2.60e+01
319,2.60e+01
320,2.59e+01
321,2.59e+01
322,2.59e+01
323,2.59e+01
324,2.59e+01
325,2.59e+01
326,2.59e+01
327,2.59e+01
328,2.59e+01
329,2.59e+01
330,2.59e+01
331,2.59e+01
332,2.59e+01
333,2.59e+01
334,2.59e+01
335,2.59e+01
336,2.59e+01
337,2.59e+01
338,2.59e+01
339,2.59e+01
340,2.59e+01
341,2.59e+01
342,2.59e+01
343,2.59e+01
344,2.59e+01
345,2.59e+01
346,2.59e+01
347,2.59e+01
348,2.59e+01
349,2.59e+01
350,2.59e+01
351,2.59e+01
352,2.59e+01
353,2.59e+01
354,2.59e+01
355,2.59e+01
356,2.59e+01
357,2.58e+01
358,2.58e+01
359,2.58e+01
360,2.58e+01
361,2.58e+01
362,2.58e+01
363,2.58e+01
364,2.58e+01
365,2.58e+01
366,2.58e+01
367,2.58e+01
368,2.58e+01
369,2.58e+01
370,2.58e+01
371,2.58e+01
372,2.58e+01
373,2.58e+01
374,2.58e+01
375,2.58e+01
376,2.58e+01
377,2.58e+01
378,2.58e+01
379,2.58e+01
380,2.58e+01
381,2.58e+01
382,2.58e+01
383,2.58e+01
384,2.58e+01
385,2.58e+01
386,2.58e+01
387,2.58e+01
388,2.58e+01
389,2.58e+01
390,2.58e+01
391,2.58e+01
392,2.58e+01
393,2.58e+01
394,2.58e+01
395,2.58e+01
396,2.58e+01
397,2.58e+01
398,2.58e+01
399,2.57e+01
400,2.57e+01
401,2.57e+01
402,2.57e+01
403,2.57e+01
404,2.57e+01
405,2.57e+01
406,2.57e+01
407,2.57e+01
408,2.57e+01
409,2.57e+01
410,2.57e+01
411,2.57e+01
412,2.57e+01
413,2.57e+01
414,2.57e+01
415,2.57e+01
416,2.57e+01
417,2.57e+01
418,2.57e+01
419,2.57e+01
420,2.57e+01
421,2.57e+01
422,2.57e+01
423,2.57e+01
424,2.57e+01
425,2.57e+01
426,2.57e+01
427,2.57e+01
428,2.57e+01
429,2.57e+01
430,2.57e+01
431,2.57e+01
432,2.57e+01
433,2.57e+01
434,2.57e+01
435,2.57e+01
436,2.57e+01
437,2.57e+01
438,2.57e+01
439,2.57e+01
440,2.57e+01
441,2.57e+01
442,2.57e+01
443,2.57e+01
444,2.57e+01
445,2.57e+01
446,2.57e+01
447,2.56e+01
448,2.56e+01
449,2.56e+01
450,2.56e+01
451,2.56e+01
452,2.56e+01
453,2.56e+01
454,2.56e+01
455,2.56e+01
456,2.56e+01
457,2.56e+01
458,2.56e+01
459,2.56e+01
460,2.56e+01
461,2.56e+01
462,2.56e+01
463,2.56e+01
464,2.56e+01
465,2.56e+01
466,2.56e+01
467,2.56e+01
468,2.56e+01
469,2.56e+01
470,2.56e+01
471,2.56e+01
472,2.56e+01
473,2.56e+01
474,2.56e+01
475,2.56e+01
476,2.56e+01
477,2.56e+01
478,2.56e+01
479,2.56e+01
480,2.56e+01
481,2.56e+01
482,2.56e+01
483,2.56e+01
484,2.56e+01
485,2.56e+01
486,2.56e+01
487,2.56e+01
488,2.56e+01
489,2.56e+01
490,2.56e+01
491,2.56e+01
492,2.56e+01
493,2.56e+01
494,2.56e+01
495,2.56e+01
496,2.56e+01
497,2.56e+01
498,2.56e+01
499,2.56e+01
500,2.55e+01
8.637e-02,2.555e+01,2.546e+01,500
Errors for iteration: 3
1,2.68e+01
2,2.63e+01
3,2.60e+01
4,2.58e+01
5,2.56e+01
6,2.55e+01
7,2.54e+01
8,2.53e+01
9,2.52e+01
10,2.51e+01
11,2.50e+01
12,2.49e+01
13,2.49e+01
14,2.48e+01
15,2.48e+01
16,2.47e+01
17,2.47e+01
18,2.46e+01
19,2.46e+01
20,2.45e+01
21,2.45e+01
22,2.44e+01
23,2.44e+01
24,2.44e+01
25,2.43e+01
26,2.43e+01
27,2.43e+01
28,2.43e+01
29,2.42e+01
30,2.42e+01
31,2.42e+01
32,2.42e+01
33,2.41e+01
34,2.41e+01
35,2.41e+01
36,2.41e+01
37,2.40e+01
38,2.40e+01
39,2.40e+01
40,2.40e+01
41,2.40e+01
42,2.39e+01
43,2.39e+01
44,2.39e+01
45,2.39e+01
46,2.39e+01
47,2.39e+01
48,2.38e+01
49,2.38e+01
50,2.38e+01
51,2.38e+01
52,2.38e+01
53,2.38e+01
54,2.37e+01
55,2.37e+01
56,2.37e+01
57,2.37e+01
58,2.37e+01
59,2.37e+01
60,2.37e+01
61,2.36e+01
62,2.36e+01
63,2.36e+01
64,2.36e+01
65,2.36e+01
66,2.36e+01
67,2.36e+01
68,2.36e+01
69,2.36e+01
70,2.35e+01
71,2.35e+01
72,2.35e+01
73,2.35e+01
74,2.35e+01
75,2.35e+01
76,2.35e+01
77,2.35e+01
78,2.35e+01
79,2.34e+01
80,2.34e+01
81,2.34e+01
82,2.34e+01
83,2.34e+01
84,2.34e+01
85,2.34e+01
86,2.34e+01
87,2.34e+01
88,2.34e+01
89,2.34e+01
90,2.34e+01
91,2.33e+01
92,2.33e+01
93,2.33e+01
94,2.33e+01
95,2.33e+01
96,2.33e+01
97,2.33e+01
98,2.33e+01
99,2.33e+01
100,2.33e+01
101,2.33e+01
102,2.33e+01
103,2.32e+01
104,2.32e+01
105,2.32e+01
106,2.32e+01
107,2.32e+01
108,2.32e+01
109,2.32e+01
110,2.32e+01
111,2.32e+01
112,2.32e+01
113,2.32e+01
114,2.32e+01
115,2.32e+01
116,2.32e+01
117,2.32e+01
118,2.31e+01
119,2.31e+01
120,2.31e+01
121,2.31e+01
122,2.31e+01
123,2.31e+01
124,2.31e+01
125,2.31e+01
126,2.31e+01
127,2.31e+01
128,2.31e+01
129,2.31e+01
130,2.31e+01
131,2.31e+01
132,2.31e+01
133,2.31e+01
134,2.30e+01
135,2.30e+01
136,2.30e+01
137,2.30e+01
138,2.30e+01
139,2.30e+01
140,2.30e+01
141,2.30e+01
142,2.30e+01
143,2.30e+01
144,2.30e+01
145,2.30e+01
146,2.30e+01
147,2.30e+01
148,2.30e+01
149,2.30e+01
150,2.30e+01
151,2.30e+01
152,2.30e+01
153,2.30e+01
154,2.29e+01
155,2.29e+01
156,2.29e+01
157,2.29e+01
158,2.29e+01
159,2.29e+01
160,2.29e+01
161,2.29e+01
162,2.29e+01
163,2.29e+01
164,2.29e+01
165,2.29e+01
166,2.29e+01
167,2.29e+01
168,2.29e+01
169,2.29e+01
170,2.29e+01
171,2.29e+01
172,2.29e+01
173,2.29e+01
174,2.29e+01
175,2.29e+01
176,2.28e+01
177,2.28e+01
178,2.28e+01
179,2.28e+01
180,2.28e+01
181,2.28e+01
182,2.28e+01
183,2.28e+01
184,2.28e+01
185,2.28e+01
186,2.28e+01
187,2.28e+01
188,2.28e+01
189,2.28e+01
190,2.28e+01
191,2.28e+01
192,2.28e+01
193,2.28e+01
194,2.28e+01
195,2.28e+01
196,2.28e+01
197,2.28e+01
198,2.28e+01
199,2.28e+01
200,2.28e+01
201,2.27e+01
202,2.27e+01
203,2.27e+01
204,2.27e+01
205,2.27e+01
206,2.27e+01
207,2.27e+01
208,2.27e+01
209,2.27e+01
210,2.27e+01
211,2.27e+01
212,2.27e+01
213,2.27e+01
214,2.27e+01
215,2.27e+01
216,2.27e+01
217,2.27e+01
218,2.27e+01
219,2.27e+01
220,2.27e+01
221,2.27e+01
222,2.27e+01
223,2.27e+01
224,2.27e+01
225,2.27e+01
226,2.27e+01
227,2.27e+01
228,2.27e+01
229,2.27e+01
230,2.26e+01
231,2.26e+01
232,2.26e+01
233,2.26e+01
234,2.26e+01
235,2.26e+01
236,2.26e+01
237,2.26e+01
238,2.26e+01
239,2.26e+01
240,2.26e+01
241,2.26e+01
242,2.26e+01
243,2.26e+01
244,2.26e+01
245,2.26e+01
246,2.26e+01
247,2.26e+01
248,2.26e+01
249,2.26e+01
250,2.26e+01
251,2.26e+01
252,2.26e+01
253,2.26e+01
254,2.26e+01
255,2.26e+01
256,2.26e+01
257,2.26e+01
258,2.26e+01
259,2.26e+01
260,2.26e+01
261,2.26e+01
262,2.26e+01
263,2.26e+01
264,2.25e+01
265,2.25e+01
266,2.25e+01
267,2.25e+01
268,2.25e+01
269,2.25e+01
270,2.25e+01
271,2.25e+01
272,2.25e+01
273,2.25e+01
274,2.25e+01
275,2.25e+01
276,2.25e+01
277,2.25e+01
278,2.25e+01
279,2.25e+01
280,2.25e+01
281,2.25e+01
282,2.25e+01
283,2.25e+01
284,2.25e+01
285,2.25e+01
286,2.25e+01
287,2.25e+01
288,2.25e+01
289,2.25e+01
290,2.25e+01
291,2.25e+01
292,2.25e+01
293,2.25e+01
294,2.25e+01
295,2.25e+01
296,2.25e+01
297,2.25e+01
298,2.25e+01
299,2.25e+01
300,2.25e+01
301,2.25e+01
302,2.24e+01
303,2.24e+01
304,2.24e+01
305,2.24e+01
306,2.24e+01
307,2.24e+01
308,2.24e+01
309,2.24e+01
310,2.24e+01
311,2.24e+01
312,2.24e+01
313,2.24e+01
314,2.24e+01
315,2.24e+01
316,2.24e+01
317,2.24e+01
318,2.24e+01
319,2.24e+01
320,2.24e+01
321,2.24e+01
322,2.24e+01
323,2.24e+01
324,2.24e+01
325,2.24e+01
326,2.24e+01
327,2.24e+01
328,2.24e+01
329,2.24e+01
330,2.24e+01
331,2.24e+01
332,2.24e+01
333,2.24e+01
334,2.24e+01
335,2.24e+01
336,2.24e+01
337,2.24e+01
338,2.24e+01
339,2.24e+01
340,2.24e+01
341,2.24e+01
342,2.24e+01
343,2.24e+01
344,2.24e+01
345,2.24e+01
346,2.24e+01
347,2.23e+01
348,2.23e+01
349,2.23e+01
350,2.23e+01
351,2.23e+01
352,2.23e+01
353,2.23e+01
354,2.23e+01
355,2.23e+01
356,2.23e+01
357,2.23e+01
358,2.23e+01
359,2.23e+01
360,2.23e+01
361,2.23e+01
362,2.23e+01
363,2.23e+01
364,2.23e+01
365,2.23e+01
366,2.23e+01
367,2.23e+01
368,2.23e+01
369,2.23e+01
370,2.23e+01
371,2.23e+01
372,2.23e+01
373,2.23e+01
374,2.23e+01
375,2.23e+01
376,2.23e+01
377,2.23e+01
378,2.23e+01
379,2.23e+01
380,2.23e+01
381,2.23e+01
382,2.23e+01
383,2.23e+01
384,2.23e+01
385,2.23e+01
386,2.23e+01
387,2.23e+01
388,2.23e+01
389,2.23e+01
390,2.23e+01
391,2.23e+01
392,2.23e+01
393,2.23e+01
394,2.23e+01
395,2.23e+01
396,2.23e+01
397,2.23e+01
398,2.23e+01
399,2.22e+01
400,2.22e+01
401,2.22e+01
402,2.22e+01
403,2.22e+01
404,2.22e+01
405,2.22e+01
406,2.22e+01
407,2.22e+01
408,2.22e+01
409,2.22e+01
410,2.22e+01
411,2.22e+01
412,2.22e+01
413,2.22e+01
414,2.22e+01
415,2.22e+01
416,2.22e+01
417,2.22e+01
418,2.22e+01
419,2.22e+01
420,2.22e+01
421,2.22e+01
422,2.22e+01
423,2.22e+01
424,2.22e+01
425,2.22e+01
426,2.22e+01
427,2.22e+01
428,2.22e+01
429,2.22e+01
430,2.22e+01
431,2.22e+01
432,2.22e+01
433,2.22e+01
434,2.22e+01
435,2.22e+01
436,2.22e+01
437,2.22e+01
438,2.22e+01
439,2.22e+01
440,2.22e+01
441,2.22e+01
442,2.22e+01
443,2.22e+01
444,2.22e+01
445,2.22e+01
446,2.22e+01
447,2.22e+01
448,2.22e+01
449,2.22e+01
450,2.22e+01
451,2.22e+01
452,2.22e+01
453,2.22e+01
454,2.22e+01
455,2.22e+01
456,2.22e+01
457,2.22e+01
458,2.22e+01
459,2.21e+01
460,2.21e+01
461,2.21e+01
462,2.21e+01
463,2.21e+01
464,2.21e+01
465,2.21e+01
466,2.21e+01
467,2.21e+01
468,2.21e+01
469,2.21e+01
470,2.21e+01
471,2.21e+01
472,2.21e+01
473,2.21e+01
474,2.21e+01
475,2.21e+01
476,2.21e+01
477,2.21e+01
478,2.21e+01
479,2.21e+01
480,2.21e+01
481,2.21e+01
482,2.21e+01
483,2.21e+01
484,2.21e+01
485,2.21e+01
486,2.21e+01
487,2.21e+01
488,2.21e+01
489,2.21e+01
490,2.21e+01
491,2.21e+01
492,2.21e+01
493,2.21e+01
494,2.21e+01
495,2.21e+01
496,2.21e+01
497,2.21e+01
498,2.21e+01
499,2.21e+01
500,2.21e+01
9.656e-02,2.209e+01,2.199e+01,500
Errors for iteration: 4
1,3.33e+01
2,3.29e+01
3,3.27e+01
4,3.25e+01
5,3.24e+01
6,3.23e+01
7,3.22e+01
8,3.21e+01
9,3.20e+01
10,3.20e+01
11,3.19e+01
12,3.19e+01
13,3.18e+01
14,3.18e+01
15,3.17e+01
16,3.17e+01
17,3.16e+01
18,3.16e+01
19,3.16e+01
20,3.15e+01
21,3.15e+01
22,3.15e+01
23,3.15e+01
24,3.14e+01
25,3.14e+01
26,3.14e+01
27,3.14e+01
28,3.13e+01
29,3.13e+01
30,3.13e+01
31,3.13e+01
32,3.12e+01
33,3.12e+01
34,3.12e+01
35,3.12e+01
36,3.12e+01
37,3.12e+01
38,3.11e+01
39,3.11e+01
40,3.11e+01
41,3.11e+01
42,3.11e+01
43,3.11e+01
44,3.11e+01
45,3.10e+01
46,3.10e+01
47,3.10e+01
48,3.10e+01
49,3.10e+01
50,3.10e+01
51,3.10e+01
52,3.10e+01
53,3.09e+01
54,3.09e+01
55,3.09e+01
56,3.09e+01
57,3.09e+01
58,3.09e+01
59,3.09e+01
60,3.09e+01
61,3.09e+01
62,3.08e+01
63,3.08e+01
64,3.08e+01
65,3.08e+01
66,3.08e+01
67,3.08e+01
68,3.08e+01
69,3.08e+01
70,3.08e+01
71,3.08e+01
72,3.08e+01
73,3.07e+01
74,3.07e+01
75,3.07e+01
76,3.07e+01
77,3.07e+01
78,3.07e+01
79,3.07e+01
80,3.07e+01
81,3.07e+01
82,3.07e+01
83,3.07e+01
84,3.07e+01
85,3.07e+01
86,3.06e+01
87,3.06e+01
88,3.06e+01
89,3.06e+01
90,3.06e+01
91,3.06e+01
92,3.06e+01
93,3.06e+01
94,3.06e+01
95,3.06e+01
96,3.06e+01
97,3.06e+01
98,3.06e+01
99,3.06e+01
100,3.06e+01
101,3.05e+01
102,3.05e+01
103,3.05e+01
104,3.05e+01
105,3.05e+01
106,3.05e+01
107,3.05e+01
108,3.05e+01
109,3.05e+01
110,3.05e+01
111,3.05e+01
112,3.05e+01
113,3.05e+01
114,3.05e+01
115,3.05e+01
116,3.05e+01
117,3.05e+01
118,3.05e+01
119,3.05e+01
120,3.04e+01
121,3.04e+01
122,3.04e+01
123,3.04e+01
124,3.04e+01
125,3.04e+01
126,3.04e+01
127,3.04e+01
128,3.04e+01
129,3.04e+01
130,3.04e+01
131,3.04e+01
132,3.04e+01
133,3.04e+01
134,3.04e+01
135,3.04e+01
136,3.04e+01
137,3.04e+01
138,3.04e+01
139,3.04e+01
140,3.04e+01
141,3.04e+01
142,3.03e+01
143,3.03e+01
144,3.03e+01
145,3.03e+01
146,3.03e+01
147,3.03e+01
148,3.03e+01
149,3.03e+01
150,3.03e+01
151,3.03e+01
152,3.03e+01
153,3.03e+01
154,3.03e+01
155,3.03e+01
156,3.03e+01
157,3.03e+01
158,3.03e+01
159,3.03e+01
160,3.03e+01
161,3.03e+01
162,3.03e+01
163,3.03e+01
164,3.03e+01
165,3.03e+01
166,3.03e+01
167,3.02e+01
168,3.02e+01
169,3.02e+01
170,3.02e+01
171,3.02e+01
172,3.02e+01
173,3.02e+01
174,3.02e+01
175,3.02e+01
176,3.02e+01
177,3.02e+01
178,3.02e+01
179,3.02e+01
180,3.02e+01
181,3.02e+01
182,3.02e+01
183,3.02e+01
184,3.02e+01
185,3.02e+01
186,3.02e+01
187,3.02e+01
188,3.02e+01
189,3.02e+01
190,3.02e+01
191,3.02e+01
192,3.02e+01
193,3.02e+01
194,3.02e+01
195,3.02e+01
196,3.02e+01
197,3.02e+01
198,3.01e+01
199,3.01e+01
200,3.01e+01
201,3.01e+01
202,3.01e+01
203,3.01e+01
204,3.01e+01
205,3.01e+01
206,3.01e+01
207,3.01e+01
208,3.01e+01
209,3.01e+01
210,3.01e+01
211,3.01e+01
212,3.01e+01
213,3.01e+01
214,3.01e+01
215,3.01e+01
216,3.01e+01
217,3.01e+01
218,3.01e+01
219,3.01e+01
220,3.01e+01
221,3.01e+01
222,3.01e+01
223,3.01e+01
224,3.01e+01
225,3.01e+01
226,3.01e+01
227,3.01e+01
228,3.01e+01
229,3.01e+01
230,3.01e+01
231,3.01e+01
232,3.01e+01
233,3.01e+01
234,3.01e+01
235,3.00e+01
236,3.00e+01
237,3.00e+01
238,3.00e+01
239,3.00e+01
240,3.00e+01
241,3.00e+01
242,3.00e+01
243,3.00e+01
244,3.00e+01
245,3.00e+01
246,3.00e+01
247,3.00e+01
248,3.00e+01
249,3.00e+01
250,3.00e+01
251,3.00e+01
252,3.00e+01
253,3.00e+01
254,3.00e+01
255,3.00e+01
256,3.00e+01
257,3.00e+01
258,3.00e+01
259,3.00e+01
260,3.00e+01
261,3.00e+01
262,3.00e+01
263,3.00e+01
264,3.00e+01
265,3.00e+01
266,3.00e+01
267,3.00e+01
268,3.00e+01
269,3.00e+01
270,3.00e+01
271,3.00e+01
272,3.00e+01
273,3.00e+01
274,3.00e+01
275,3.00e+01
276,3.00e+01
277,3.00e+01
278,3.00e+01
279,2.99e+01
280,2.99e+01
281,2.99e+01
282,2.99e+01
283,2.99e+01
284,2.99e+01
285,2.99e+01
286,2.99e+01
287,2.99e+01
288,2.99e+01
289,2.99e+01
290,2.99e+01
291,2.99e+01
292,2.99e+01
293,2.99e+01
294,2.99e+01
295,2.99e+01
296,2.99e+01
297,2.99e+01
298,2.99e+01
299,2.99e+01
300,2.99e+01
301,2.99e+01
302,2.99e+01
303,2.99e+01
304,2.99e+01
305,2.99e+01
306,2.99e+01
307,2.99e+01
308,2.99e+01
309,2.99e+01
310,2.99e+01
311,2.99e+01
312,2.99e+01
313,2.99e+01
314,2.99e+01
315,2.99e+01
316,2.99e+01
317,2.99e+01
318,2.99e+01
319,2.99e+01
320,2.99e+01
321,2.99e+01
322,2.99e+01
323,2.99e+01
324,2.99e+01
325,2.99e+01
326,2.99e+01
327,2.99e+01
328,2.99e+01
329,2.99e+01
330,2.99e+01
331,2.98e+01
332,2.98e+01
333,2.98e+01
334,2.98e+01
335,2.98e+01
336,2.98e+01
337,2.98e+01
338,2.98e+01
339,2.98e+01
340,2.98e+01
341,2.98e+01
342,2.98e+01
343,2.98e+01
344,2.98e+01
345,2.98e+01
346,2.98e+01
347,2.98e+01
348,2.98e+01
349,2.98e+01
350,2.98e+01
351,2.98e+01
352,2.98e+01
353,2.98e+01
354,2.98e+01
355,2.98e+01
356,2.98e+01
357,2.98e+01
358,2.98e+01
359,2.98e+01
360,2.98e+01
361,2.98e+01
362,2.98e+01
363,2.98e+01
364,2.98e+01
365,2.98e+01
366,2.98e+01
367,2.98e+01
368,2.98e+01
369,2.98e+01
370,2.98e+01
371,2.98e+01
372,2.98e+01
373,2.98e+01
374,2.98e+01
375,2.98e+01
376,2.98e+01
377,2.98e+01
378,2.98e+01
379,2.98e+01
380,2.98e+01
381,2.98e+01
382,2.98e+01
383,2.98e+01
384,2.98e+01
385,2.98e+01
386,2.98e+01
387,2.98e+01
388,2.98e+01
389,2.98e+01
390,2.98e+01
391,2.98e+01
392,2.98e+01
393,2.97e+01
394,2.97e+01
395,2.97e+01
396,2.97e+01
397,2.97e+01
398,2.97e+01
399,2.97e+01
400,2.97e+01
401,2.97e+01
402,2.97e+01
403,2.97e+01
404,2.97e+01
405,2.97e+01
406,2.97e+01
407,2.97e+01
408,2.97e+01
409,2.97e+01
410,2.97e+01
411,2.97e+01
412,2.97e+01
413,2.97e+01
414,2.97e+01
415,2.97e+01
416,2.97e+01
417,2.97e+01
418,2.97e+01
419,2.97e+01
420,2.97e+01
421,2.97e+01
422,2.97e+01
423,2.97e+01
424,2.97e+01
425,2.97e+01
426,2.97e+01
427,2.97e+01
428,2.97e+01
429,2.97e+01
430,2.97e+01
431,2.97e+01
432,2.97e+01
433,2.97e+01
434,2.97e+01
435,2.97e+01
436,2.97e+01
437,2.97e+01
438,2.97e+01
439,2.97e+01
440,2.97e+01
441,2.97e+01
442,2.97e+01
443,2.97e+01
444,2.97e+01
445,2.97e+01
446,2.97e+01
447,2.97e+01
448,2.97e+01
449,2.97e+01
450,2.97e+01
451,2.97e+01
452,2.97e+01
453,2.97e+01
454,2.97e+01
455,2.97e+01
456,2.97e+01
457,2.97e+01
458,2.97e+01
459,2.97e+01
460,2.97e+01
461,2.97e+01
462,2.97e+01
463,2.97e+01
464,2.97e+01
465,2.97e+01
466,2.97e+01
467,2.97e+01
468,2.96e+01
469,2.96e+01
470,2.96e+01
471,2.96e+01
472,2.96e+01
473,2.96e+01
474,2.96e+01
475,2.96e+01
476,2.96e+01
477,2.96e+01
478,2.96e+01
479,2.96e+01
480,2.96e+01
481,2.96e+01
482,2.96e+01
483,2.96e+01
484,2.96e+01
485,2.96e+01
486,2.96e+01
487,2.96e+01
488,2.96e+01
489,2.96e+01
490,2.96e+01
491,2.96e+01
492,2.96e+01
493,2.96e+01
494,2.96e+01
495,2.96e+01
496,2.96e+01
497,2.96e+01
498,2.96e+01
499,2.96e+01
500,2.96e+01
1.031e-01,2.961e+01,2.951e+01,500
Errors for iteration: 5
1,2.50e+01
2,2.45e+01
3,2.42e+01
4,2.39e+01
5,2.38e+01
6,2.36e+01
7,2.35e+01
8,2.34e+01
9,2.33e+01
10,2.32e+01
11,2.31e+01
12,2.30e+01
13,2.29e+01
14,2.29e+01
15,2.28e+01
16,2.28e+01
17,2.27e+01
18,2.27e+01
19,2.26e+01
20,2.26e+01
21,2.25e+01
22,2.25e+01
23,2.24e+01
24,2.24e+01
25,2.24e+01
26,2.23e+01
27,2.23e+01
28,2.23e+01
29,2.23e+01
30,2.22e+01
31,2.22e+01
32,2.22e+01
33,2.21e+01
34,2.21e+01
35,2.21e+01
36,2.21e+01
37,2.20e+01
38,2.20e+01
39,2.20e+01
40,2.20e+01
41,2.20e+01
42,2.19e+01
43,2.19e+01
44,2.19e+01
45,2.19e+01
46,2.19e+01
47,2.18e+01
48,2.18e+01
49,2.18e+01
50,2.18e+01
51,2.18e+01
52,2.18e+01
53,2.18e+01
54,2.17e+01
55,2.17e+01
56,2.17e+01
57,2.17e+01
58,2.17e+01
59,2.17e+01
60,2.17e+01
61,2.16e+01
62,2.16e+01
63,2.16e+01
64,2.16e+01
65,2.16e+01
66,2.16e+01
67,2.16e+01
68,2.15e+01
69,2.15e+01
70,2.15e+01
71,2.15e+01
72,2.15e+01
73,2.15e+01
74,2.15e+01
75,2.15e+01
76,2.15e+01
77,2.14e+01
78,2.14e+01
79,2.14e+01
80,2.14e+01
81,2.14e+01
82,2.14e+01
83,2.14e+01
84,2.14e+01
85,2.14e+01
86,2.14e+01
87,2.14e+01
88,2.13e+01
89,2.13e+01
90,2.13e+01
91,2.13e+01
92,2.13e+01
93,2.13e+01
94,2.13e+01
95,2.13e+01
96,2.13e+01
97,2.13e+01
98,2.13e+01
99,2.12e+01
100,2.12e+01
101,2.12e+01
102,2.12e+01
103,2.12e+01
104,2.12e+01
105,2.12e+01
106,2.12e+01
107,2.12e+01
108,2.12e+01
109,2.12e+01
110,2.12e+01
111,2.12e+01
112,2.11e+01
113,2.11e+01
114,2.11e+01
115,2.11e+01
116,2.11e+01
117,2.11e+01
118,2.11e+01
119,2.11e+01
120,2.11e+01
121,2.11e+01
122,2.11e+01
123,2.11e+01
124,2.11e+01
125,2.11e+01
126,2.11e+01
127,2.11e+01
128,2.10e+01
129,2.10e+01
130,2.10e+01
131,2.10e+01
132,2.10e+01
133,2.10e+01
134,2.10e+01
135,2.10e+01
136,2.10e+01
137,2.10e+01
138,2.10e+01
139,2.10e+01
140,2.10e+01
141,2.10e+01
142,2.10e+01
143,2.10e+01
144,2.10e+01
145,2.09e+01
146,2.09e+01
147,2.09e+01
148,2.09e+01
149,2.09e+01
150,2.09e+01
151,2.09e+01
152,2.09e+01
153,2.09e+01
154,2.09e+01
155,2.09e+01
156,2.09e+01
157,2.09e+01
158,2.09e+01
159,2.09e+01
160,2.09e+01
161,2.09e+01
162,2.09e+01
163,2.09e+01
164,2.09e+01
165,2.08e+01
166,2.08e+01
167,2.08e+01
168,2.08e+01
169,2.08e+01
170,2.08e+01
171,2.08e+01
172,2.08e+01
173,2.08e+01
174,2.08e+01
175,2.08e+01
176,2.08e+01
177,2.08e+01
178,2.08e+01
179,2.08e+01
180,2.08e+01
181,2.08e+01
182,2.08e+01
183,2.08e+01
184,2.08e+01
185,2.08e+01
186,2.08e+01
187,2.07e+01
188,2.07e+01
189,2.07e+01
190,2.07e+01
191,2.07e+01
192,2.07e+01
193,2.07e+01
194,2.07e+01
195,2.07e+01
196,2.07e+01
197,2.07e+01
198,2.07e+01
199,2.07e+01
200,2.07e+01
201,2.07e+01
202,2.07e+01
203,2.07e+01
204,2.07e+01
205,2.07e+01
206,2.07e+01
207,2.07e+01
208,2.07e+01
209,2.07e+01
210,2.07e+01
211,2.07e+01
212,2.07e+01
213,2.06e+01
214,2.06e+01
215,2.06e+01
216,2.06e+01
217,2.06e+01
218,2.06e+01
219,2.06e+01
220,2.06e+01
221,2.06e+01
222,2.06e+01
223,2.06e+01
224,2.06e+01
225,2.06e+01
226,2.06e+01
227,2.06e+01
228,2.06e+01
229,2.06e+01
230,2.06e+01
231,2.06e+01
232,2.06e+01
233,2.06e+01
234,2.06e+01
235,2.06e+01
236,2.06e+01
237,2.06e+01
238,2.06e+01
239,2.06e+01
240,2.06e+01
241,2.06e+01
242,2.06e+01
243,2.05e+01
244,2.05e+01
245,2.05e+01
246,2.05e+01
247,2.05e+01
248,2.05e+01
249,2.05e+01
250,2.05e+01
251,2.05e+01
252,2.05e+01
253,2.05e+01
254,2.05e+01
255,2.05e+01
256,2.05e+01
257,2.05e+01
258,2.05e+01
259,2.05e+01
260,2.05e+01
261,2.05e+01
262,2.05e+01
263,2.05e+01
264,2.05e+01
265,2.05e+01
266,2.05e+01
267,2.05e+01
268,2.05e+01
269,2.05e+01
270,2.05e+01
271,2.05e+01
272,2.05e+01
273,2.05e+01
274,2.05e+01
275,2.05e+01
276,2.05e+01
277,2.04e+01
278,2.04e+01
279,2.04e+01
280,2.04e+01
281,2.04e+01
282,2.04e+01
283,2.04e+01
284,2.04e+01
285,2.04e+01
286,2.04e+01
287,2.04e+01
288,2.04e+01
289,2.04e+01
290,2.04e+01
291,2.04e+01
292,2.04e+01
293,2.04e+01
294,2.04e+01
295,2.04e+01
296,2.04e+01
297,2.04e+01
298,2.04e+01
299,2.04e+01
300,2.04e+01
301,2.04e+01
302,2.04e+01
303,2.04e+01
304,2.04e+01
305,2.04e+01
306,2.04e+01
307,2.04e+01
308,2.04e+01
309,2.04e+01
310,2.04e+01
311,2.04e+01
312,2.04e+01
313,2.04e+01
314,2.04e+01
315,2.04e+01
316,2.04e+01
317,2.03e+01
318,2.03e+01
319,2.03e+01
320,2.03e+01
321,2.03e+01
322,2.03e+01
323,2.03e+01
324,2.03e+01
325,2.03e+01
326,2.03e+01
327,2.03e+01
328,2.03e+01
329,2.03e+01
330,2.03e+01
331,2.03e+01
332,2.03e+01
333,2.03e+01
334,2.03e+01
335,2.03e+01
336,2.03e+01
337,2.03e+01
338,2.03e+01
339,2.03e+01
340,2.03e+01
341,2.03e+01
342,2.03e+01
343,2.03e+01
344,2.03e+01
345,2.03e+01
346,2.03e+01
347,2.03e+01
348,2.03e+01
349,2.03e+01
350,2.03e+01
351,2.03e+01
352,2.03e+01
353,2.03e+01
354,2.03e+01
355,2.03e+01
356,2.03e+01
357,2.03e+01
358,2.03e+01
359,2.03e+01
360,2.03e+01
361,2.03e+01
362,2.02e+01
363,2.02e+01
364,2.02e+01
365,2.02e+01
366,2.02e+01
367,2.02e+01
368,2.02e+01
369,2.02e+01
370,2.02e+01
371,2.02e+01
372,2.02e+01
373,2.02e+01
374,2.02e+01
375,2.02e+01
376,2.02e+01
377,2.02e+01
378,2.02e+01
379,2.02e+01
380,2.02e+01
381,2.02e+01
382,2.02e+01
383,2.02e+01
384,2.02e+01
385,2.02e+01
386,2.02e+01
387,2.02e+01
388,2.02e+01
389,2.02e+01
390,2.02e+01
391,2.02e+01
392,2.02e+01
393,2.02e+01
394,2.02e+01
395,2.02e+01
396,2.02e+01
397,2.02e+01
398,2.02e+01
399,2.02e+01
400,2.02e+01
401,2.02e+01
402,2.02e+01
403,2.02e+01
404,2.02e+01
405,2.02e+01
406,2.02e+01
407,2.02e+01
408,2.02e+01
409,2.02e+01
410,2.02e+01
411,2.02e+01
412,2.02e+01
413,2.02e+01
414,2.01e+01
415,2.01e+01
416,2.01e+01
417,2.01e+01
418,2.01e+01
419,2.01e+01
420,2.01e+01
421,2.01e+01
422,2.01e+01
423,2.01e+01
424,2.01e+01
425,2.01e+01
426,2.01e+01
427,2.01e+01
428,2.01e+01
429,2.01e+01
430,2.01e+01
431,2.01e+01
432,2.01e+01
433,2.01e+01
434,2.01e+01
435,2.01e+01
436,2.01e+01
437,2.01e+01
438,2.01e+01
439,2.01e+01
440,2.01e+01
441,2.01e+01
442,2.01e+01
443,2.01e+01
444,2.01e+01
445,2.01e+01
446,2.01e+01
447,2.01e+01
448,2.01e+01
449,2.01e+01
450,2.01e+01
451,2.01e+01
452,2.01e+01
453,2.01e+01
454,2.01e+01
455,2.01e+01
456,2.01e+01
457,2.01e+01
458,2.01e+01
459,2.01e+01
460,2.01e+01
461,2.01e+01
462,2.01e+01
463,2.01e+01
464,2.01e+01
465,2.01e+01
466,2.01e+01
467,2.01e+01
468,2.01e+01
469,2.01e+01
470,2.01e+01
471,2.01e+01
472,2.01e+01
473,2.01e+01
474,2.01e+01
475,2.00e+01
476,2.00e+01
477,2.00e+01
478,2.00e+01
479,2.00e+01
480,2.00e+01
481,2.00e+01
482,2.00e+01
483,2.00e+01
484,2.00e+01
485,2.00e+01
486,2.00e+01
487,2.00e+01
488,2.00e+01
489,2.00e+01
490,2.00e+01
491,2.00e+01
492,2.00e+01
493,2.00e+01
494,2.00e+01
495,2.00e+01
496,2.00e+01
497,2.00e+01
498,2.00e+01
499,2.00e+01
500,2.00e+01
7.647e-02,2.001e+01,1.993e+01,500
Errors for iteration: 6
1,3.14e+01
2,3.09e+01
3,3.06e+01
4,3.03e+01
5,3.01e+01
6,3.00e+01
7,2.98e+01
8,2.97e+01
9,2.96e+01
10,2.95e+01
11,2.94e+01
12,2.94e+01
13,2.93e+01
14,2.92e+01
15,2.92e+01
16,2.91e+01
17,2.90e+01
18,2.90e+01
19,2.89e+01
20,2.89e+01
21,2.88e+01
22,2.88e+01
23,2.88e+01
24,2.87e+01
25,2.87e+01
26,2.87e+01
27,2.86e+01
28,2.86e+01
29,2.86e+01
30,2.85e+01
31,2.85e+01
32,2.85e+01
33,2.84e+01
34,2.84e+01
35,2.84e+01
36,2.84e+01
37,2.83e+01
38,2.83e+01
39,2.83e+01
40,2.83e+01
41,2.83e+01
42,2.82e+01
43,2.82e+01
44,2.82e+01
45,2.82e+01
46,2.81e+01
47,2.81e+01
48,2.81e+01
49,2.81e+01
50,2.81e+01
51,2.81e+01
52,2.80e+01
53,2.80e+01
54,2.80e+01
55,2.80e+01
56,2.80e+01
57,2.80e+01
58,2.79e+01
59,2.79e+01
60,2.79e+01
61,2.79e+01
62,2.79e+01
63,2.79e+01
64,2.79e+01
65,2.78e+01
66,2.78e+01
67,2.78e+01
68,2.78e+01
69,2.78e+01
70,2.78e+01
71,2.78e+01
72,2.78e+01
73,2.77e+01
74,2.77e+01
75,2.77e+01
76,2.77e+01
77,2.77e+01
78,2.77e+01
79,2.77e+01
80,2.77e+01
81,2.77e+01
82,2.76e+01
83,2.76e+01
84,2.76e+01
85,2.76e+01
86,2.76e+01
87,2.76e+01
88,2.76e+01
89,2.76e+01
90,2.76e+01
91,2.76e+01
92,2.75e+01
93,2.75e+01
94,2.75e+01
95,2.75e+01
96,2.75e+01
97,2.75e+01
98,2.75e+01
99,2.75e+01
100,2.75e+01
101,2.75e+01
102,2.75e+01
103,2.74e+01
104,2.74e+01
105,2.74e+01
106,2.74e+01
107,2.74e+01
108,2.74e+01
109,2.74e+01
110,2.74e+01
111,2.74e+01
112,2.74e+01
113,2.74e+01
114,2.74e+01
115,2.74e+01
116,2.73e+01
117,2.73e+01
118,2.73e+01
119,2.73e+01
120,2.73e+01
121,2.73e+01
122,2.73e+01
123,2.73e+01
124,2.73e+01
125,2.73e+01
126,2.73e+01
127,2.73e+01
128,2.73e+01
129,2.73e+01
130,2.73e+01
131,2.72e+01
132,2.72e+01
133,2.72e+01
134,2.72e+01
135,2.72e+01
136,2.72e+01
137,2.72e+01
138,2.72e+01
139,2.72e+01
140,2.72e+01
141,2.72e+01
142,2.72e+01
143,2.72e+01
144,2.72e+01
145,2.72e+01
146,2.72e+01
147,2.71e+01
148,2.71e+01
149,2.71e+01
150,2.71e+01
151,2.71e+01
152,2.71e+01
153,2.71e+01
154,2.71e+01
155,2.71e+01
156,2.71e+01
157,2.71e+01
158,2.71e+01
159,2.71e+01
160,2.71e+01
161,2.71e+01
162,2.71e+01
163,2.71e+01
164,2.71e+01
165,2.71e+01
166,2.70e+01
167,2.70e+01
168,2.70e+01
169,2.70e+01
170,2.70e+01
171,2.70e+01
172,2.70e+01
173,2.70e+01
174,2.70e+01
175,2.70e+01
176,2.70e+01
177,2.70e+01
178,2.70e+01
179,2.70e+01
180,2.70e+01
181,2.70e+01
182,2.70e+01
183,2.70e+01
184,2.70e+01
185,2.70e+01
186,2.69e+01
187,2.69e+01
188,2.69e+01
189,2.69e+01
190,2.69e+01
191,2.69e+01
192,2.69e+01
193,2.69e+01
194,2.69e+01
195,2.69e+01
196,2.69e+01
197,2.69e+01
198,2.69e+01
199,2.69e+01
200,2.69e+01
201,2.69e+01
202,2.69e+01
203,2.69e+01
204,2.69e+01
205,2.69e+01
206,2.69e+01
207,2.69e+01
208,2.69e+01
209,2.69e+01
210,2.68e+01
211,2.68e+01
212,2.68e+01
213,2.68e+01
214,2.68e+01
215,2.68e+01
216,2.68e+01
217,2.68e+01
218,2.68e+01
219,2.68e+01
220,2.68e+01
221,2.68e+01
222,2.68e+01
223,2.68e+01
224,2.68e+01
225,2.68e+01
226,2.68e+01
227,2.68e+01
228,2.68e+01
229,2.68e+01
230,2.68e+01
231,2.68e+01
232,2.68e+01
233,2.68e+01
234,2.68e+01
235,2.68e+01
236,2.68e+01
237,2.67e+01
238,2.67e+01
239,2.67e+01
240,2.67e+01
241,2.67e+01
242,2.67e+01
243,2.67e+01
244,2.67e+01
245,2.67e+01
246,2.67e+01
247,2.67e+01
248,2.67e+01
249,2.67e+01
250,2.67e+01
251,2.67e+01
252,2.67e+01
253,2.67e+01
254,2.67e+01
255,2.67e+01
256,2.67e+01
257,2.67e+01
258,2.67e+01
259,2.67e+01
260,2.67e+01
261,2.67e+01
262,2.67e+01
263,2.67e+01
264,2.67e+01
265,2.67e+01
266,2.67e+01
267,2.66e+01
268,2.66e+01
269,2.66e+01
270,2.66e+01
271,2.66e+01
272,2.66e+01
273,2.66e+01
274,2.66e+01
275,2.66e+01
276,2.66e+01
277,2.66e+01
278,2.66e+01
279,2.66e+01
280,2.66e+01
281,2.66e+01
282,2.66e+01
283,2.66e+01
284,2.66e+01
285,2.66e+01
286,2.66e+01
287,2.66e+01
288,2.66e+01
289,2.66e+01
290,2.66e+01
291,2.66e+01
292,2.66e+01
293,2.66e+01
294,2.66e+01
295,2.66e+01
296,2.66e+01
297,2.66e+01
298,2.66e+01
299,2.66e+01
300,2.66e+01
301,2.66e+01
302,2.65e+01
303,2.65e+01
304,2.65e+01
305,2.65e+01
306,2.65e+01
307,2.65e+01
308,2.65e+01
309,2.65e+01
310,2.65e+01
311,2.65e+01
312,2.65e+01
313,2.65e+01
314,2.65e+01
315,2.65e+01
316,2.65e+01
317,2.65e+01
318,2.65e+01
319,2.65e+01
320,2.65e+01
321,2.65e+01
322,2.65e+01
323,2.65e+01
324,2.65e+01
325,2.65e+01
326,2.65e+01
327,2.65e+01
328,2.65e+01
329,2.65e+01
330,2.65e+01
331,2.65e+01
332,2.65e+01
333,2.65e+01
334,2.65e+01
335,2.65e+01
336,2.65e+01
337,2.65e+01
338,2.65e+01
339,2.65e+01
340,2.65e+01
341,2.64e+01
342,2.64e+01
343,2.64e+01
344,2.64e+01
345,2.64e+01
346,2.64e+01
347,2.64e+01
348,2.64e+01
349,2.64e+01
350,2.64e+01
351,2.64e+01
352,2.64e+01
353,2.64e+01
354,2.64e+01
355,2.64e+01
356,2.64e+01
357,2.64e+01
358,2.64e+01
359,2.64e+01
360,2.64e+01
361,2.64e+01
362,2.64e+01
363,2.64e+01
364,2.64e+01
365,2.64e+01
366,2.64e+01
367,2.64e+01
368,2.64e+01
369,2.64e+01
370,2.64e+01
371,2.64e+01
372,2.64e+01
373,2.64e+01
374,2.64e+01
375,2.64e+01
376,2.64e+01
377,2.64e+01
378,2.64e+01
379,2.64e+01
380,2.64e+01
381,2.64e+01
382,2.64e+01
383,2.64e+01
384,2.64e+01
385,2.64e+01
386,2.63e+01
387,2.63e+01
388,2.63e+01
389,2.63e+01
390,2.63e+01
391,2.63e+01
392,2.63e+01
393,2.63e+01
394,2.63e+01
395,2.63e+01
396,2.63e+01
397,2.63e+01
398,2.63e+01
399,2.63e+01
400,2.63e+01
401,2.63e+01
402,2.63e+01
403,2.63e+01
404,2.63e+01
405,2.63e+01
406,2.63e+01
407,2.63e+01
408,2.63e+01
409,2.63e+01
410,2.63e+01
411,2.63e+01
412,2.63e+01
413,2.63e+01
414,2.63e+01
415,2.63e+01
416,2.63e+01
417,2.63e+01
418,2.63e+01
419,2.63e+01
420,2.63e+01
421,2.63e+01
422,2.63e+01
423,2.63e+01
424,2.63e+01
425,2.63e+01
426,2.63e+01
427,2.63e+01
428,2.63e+01
429,2.63e+01
430,2.63e+01
431,2.63e+01
432,2.63e+01
433,2.63e+01
434,2.63e+01
435,2.63e+01
436,2.62e+01
437,2.62e+01
438,2.62e+01
439,2.62e+01
440,2.62e+01
441,2.62e+01
442,2.62e+01
443,2.62e+01
444,2.62e+01
445,2.62e+01
446,2.62e+01
447,2.62e+01
448,2.62e+01
449,2.62e+01
450,2.62e+01
451,2.62e+01
452,2.62e+01
453,2.62e+01
454,2.62e+01
455,2.62e+01
456,2.62e+01
457,2.62e+01
458,2.62e+01
459,2.62e+01
460,2.62e+01
461,2.62e+01
462,2.62e+01
463,2.62e+01
464,2.62e+01
465,2.62e+01
466,2.62e+01
467,2.62e+01
468,2.62e+01
469,2.62e+01
470,2.62e+01
471,2.62e+01
472,2.62e+01
473,2.62e+01
474,2.62e+01
475,2.62e+01
476,2.62e+01
477,2.62e+01
478,2.62e+01
479,2.62e+01
480,2.62e+01
481,2.62e+01
482,2.62e+01
483,2.62e+01
484,2.62e+01
485,2.62e+01
486,2.62e+01
487,2.62e+01
488,2.62e+01
489,2.62e+01
490,2.62e+01
491,2.62e+01
492,2.62e+01
493,2.62e+01
494,2.61e+01
495,2.61e+01
496,2.61e+01
497,2.61e+01
498,2.61e+01
499,2.61e+01
500,2.61e+01
7.758e-02,2.614e+01,2.606e+01,500
Errors for iteration: 7
1,3.35e+01
2,3.29e+01
3,3.25e+01
4,3.22e+01
5,3.20e+01
6,3.18e+01
7,3.17e+01
8,3.15e+01
9,3.14e+01
10,3.13e+01
11,3.12e+01
12,3.11e+01
13,3.10e+01
14,3.10e+01
15,3.09e+01
16,3.08e+01
17,3.08e+01
18,3.07e+01
19,3.07e+01
20,3.06e+01
21,3.05e+01
22,3.05e+01
23,3.05e+01
24,3.04e+01
25,3.04e+01
26,3.03e+01
27,3.03e+01
28,3.03e+01
29,3.02e+01
30,3.02e+01
31,3.02e+01
32,3.01e+01
33,3.01e+01
34,3.01e+01
35,3.00e+01
36,3.00e+01
37,3.00e+01
38,3.00e+01
39,2.99e+01
40,2.99e+01
41,2.99e+01
42,2.99e+01
43,2.98e+01
44,2.98e+01
45,2.98e+01
46,2.98e+01
47,2.97e+01
48,2.97e+01
49,2.97e+01
50,2.97e+01
51,2.97e+01
52,2.97e+01
53,2.96e+01
54,2.96e+01
55,2.96e+01
56,2.96e+01
57,2.96e+01
58,2.95e+01
59,2.95e+01
60,2.95e+01
61,2.95e+01
62,2.95e+01
63,2.95e+01
64,2.94e+01
65,2.94e+01
66,2.94e+01
67,2.94e+01
68,2.94e+01
69,2.94e+01
70,2.94e+01
71,2.93e+01
72,2.93e+01
73,2.93e+01
74,2.93e+01
75,2.93e+01
76,2.93e+01
77,2.93e+01
78,2.93e+01
79,2.92e+01
80,2.92e+01
81,2.92e+01
82,2.92e+01
83,2.92e+01
84,2.92e+01
85,2.92e+01
86,2.92e+01
87,2.92e+01
88,2.91e+01
89,2.91e+01
90,2.91e+01
91,2.91e+01
92,2.91e+01
93,2.91e+01
94,2.91e+01
95,2.91e+01
96,2.91e+01
97,2.90e+01
98,2.90e+01
99,2.90e+01
100,2.90e+01
101,2.90e+01
102,2.90e+01
103,2.90e+01
104,2.90e+01
105,2.90e+01
106,2.90e+01
107,2.90e+01
108,2.89e+01
109,2.89e+01
110,2.89e+01
111,2.89e+01
112,2.89e+01
113,2.89e+01
114,2.89e+01
115,2.89e+01
116,2.89e+01
117,2.89e+01
118,2.89e+01
119,2.89e+01
120,2.88e+01
121,2.88e+01
122,2.88e+01
123,2.88e+01
124,2.88e+01
125,2.88e+01
126,2.88e+01
127,2.88e+01
128,2.88e+01
129,2.88e+01
130,2.88e+01
131,2.88e+01
132,2.88e+01
133,2.88e+01
134,2.87e+01
135,2.87e+01
136,2.87e+01
137,2.87e+01
138,2.87e+01
139,2.87e+01
140,2.87e+01
141,2.87e+01
142,2.87e+01
143,2.87e+01
144,2.87e+01
145,2.87e+01
146,2.87e+01
147,2.87e+01
148,2.87e+01
149,2.86e+01
150,2.86e+01
151,2.86e+01
152,2.86e+01
153,2.86e+01
154,2.86e+01
155,2.86e+01
156,2.86e+01
157,2.86e+01
158,2.86e+01
159,2.86e+01
160,2.86e+01
161,2.86e+01
162,2.86e+01
163,2.86e+01
164,2.86e+01
165,2.85e+01
166,2.85e+01
167,2.85e+01
168,2.85e+01
169,2.85e+01
170,2.85e+01
171,2.85e+01
172,2.85e+01
173,2.85e+01
174,2.85e+01
175,2.85e+01
176,2.85e+01
177,2.85e+01
178,2.85e+01
179,2.85e+01
180,2.85e+01
181,2.85e+01
182,2.85e+01
183,2.85e+01
184,2.84e+01
185,2.84e+01
186,2.84e+01
187,2.84e+01
188,2.84e+01
189,2.84e+01
190,2.84e+01
191,2.84e+01
192,2.84e+01
193,2.84e+01
194,2.84e+01
195,2.84e+01
196,2.84e+01
197,2.84e+01
198,2.84e+01
199,2.84e+01
200,2.84e+01
201,2.84e+01
202,2.84e+01
203,2.84e+01
204,2.84e+01
205,2.83e+01
206,2.83e+01
207,2.83e+01
208,2.83e+01
209,2.83e+01
210,2.83e+01
211,2.83e+01
212,2.83e+01
213,2.83e+01
214,2.83e+01
215,2.83e+01
216,2.83e+01
217,2.83e+01
218,2.83e+01
219,2.83e+01
220,2.83e+01
221,2.83e+01
222,2.83e+01
223,2.83e+01
224,2.83e+01
225,2.83e+01
226,2.83e+01
227,2.83e+01
228,2.82e+01
229,2.82e+01
230,2.82e+01
231,2.82e+01
232,2.82e+01
233,2.82e+01
234,2.82e+01
235,2.82e+01
236,2.82e+01
237,2.82e+01
238,2.82e+01
239,2.82e+01
240,2.82e+01
241,2.82e+01
242,2.82e+01
243,2.82e+01
244,2.82e+01
245,2.82e+01
246,2.82e+01
247,2.82e+01
248,2.82e+01
249,2.82e+01
250,2.82e+01
251,2.82e+01
252,2.82e+01
253,2.82e+01
254,2.82e+01
255,2.81e+01
256,2.81e+01
257,2.81e+01
258,2.81e+01
259,2.81e+01
260,2.81e+01
261,2.81e+01
262,2.81e+01
263,2.81e+01
264,2.81e+01
265,2.81e+01
266,2.81e+01
267,2.81e+01
268,2.81e+01
269,2.81e+01
270,2.81e+01
271,2.81e+01
272,2.81e+01
273,2.81e+01
274,2.81e+01
275,2.81e+01
276,2.81e+01
277,2.81e+01
278,2.81e+01
279,2.81e+01
280,2.81e+01
281,2.81e+01
282,2.81e+01
283,2.81e+01
284,2.80e+01
285,2.80e+01
286,2.80e+01
287,2.80e+01
288,2.80e+01
289,2.80e+01
290,2.80e+01
291,2.80e+01
292,2.80e+01
293,2.80e+01
294,2.80e+01
295,2.80e+01
296,2.80e+01
297,2.80e+01
298,2.80e+01
299,2.80e+01
300,2.80e+01
301,2.80e+01
302,2.80e+01
303,2.80e+01
304,2.80e+01
305,2.80e+01
306,2.80e+01
307,2.80e+01
308,2.80e+01
309,2.80e+01
310,2.80e+01
311,2.80e+01
312,2.80e+01
313,2.80e+01
314,2.80e+01
315,2.80e+01
316,2.80e+01
317,2.79e+01
318,2.79e+01
319,2.79e+01
320,2.79e+01
321,2.79e+01
322,2.79e+01
323,2.79e+01
324,2.79e+01
325,2.79e+01
326,2.79e+01
327,2.79e+01
328,2.79e+01
329,2.79e+01
330,2.79e+01
331,2.79e+01
332,2.79e+01
333,2.79e+01
334,2.79e+01
335,2.79e+01
336,2.79e+01
337,2.79e+01
338,2.79e+01
339,2.79e+01
340,2.79e+01
341,2.79e+01
342,2.79e+01
343,2.79e+01
344,2.79e+01
345,2.79e+01
346,2.79e+01
347,2.79e+01
348,2.79e+01
349,2.79e+01
350,2.79e+01
351,2.79e+01
352,2.79e+01
353,2.79e+01
354,2.78e+01
355,2.78e+01
356,2.78e+01
357,2.78e+01
358,2.78e+01
359,2.78e+01
360,2.78e+01
361,2.78e+01
362,2.78e+01
363,2.78e+01
364,2.78e+01
365,2.78e+01
366,2.78e+01
367,2.78e+01
368,2.78e+01
369,2.78e+01
370,2.78e+01
371,2.78e+01
372,2.78e+01
373,2.78e+01
374,2.78e+01
375,2.78e+01
376,2.78e+01
377,2.78e+01
378,2.78e+01
379,2.78e+01
380,2.78e+01
381,2.78e+01
382,2.78e+01
383,2.78e+01
384,2.78e+01
385,2.78e+01
386,2.78e+01
387,2.78e+01
388,2.78e+01
389,2.78e+01
390,2.78e+01
391,2.78e+01
392,2.78e+01
393,2.78e+01
394,2.78e+01
395,2.78e+01
396,2.77e+01
397,2.77e+01
398,2.77e+01
399,2.77e+01
400,2.77e+01
401,2.77e+01
402,2.77e+01
403,2.77e+01
404,2.77e+01
405,2.77e+01
406,2.77e+01
407,2.77e+01
408,2.77e+01
409,2.77e+01
410,2.77e+01
411,2.77e+01
412,2.77e+01
413,2.77e+01
414,2.77e+01
415,2.77e+01
416,2.77e+01
417,2.77e+01
418,2.77e+01
419,2.77e+01
420,2.77e+01
421,2.77e+01
422,2.77e+01
423,2.77e+01
424,2.77e+01
425,2.77e+01
426,2.77e+01
427,2.77e+01
428,2.77e+01
429,2.77e+01
430,2.77e+01
431,2.77e+01
432,2.77e+01
433,2.77e+01
434,2.77e+01
435,2.77e+01
436,2.77e+01
437,2.77e+01
438,2.77e+01
439,2.77e+01
440,2.77e+01
441,2.77e+01
442,2.77e+01
443,2.76e+01
444,2.76e+01
445,2.76e+01
446,2.76e+01
447,2.76e+01
448,2.76e+01
449,2.76e+01
450,2.76e+01
451,2.76e+01
452,2.76e+01
453,2.76e+01
454,2.76e+01
455,2.76e+01
456,2.76e+01
457,2.76e+01
458,2.76e+01
459,2.76e+01
460,2.76e+01
461,2.76e+01
462,2.76e+01
463,2.76e+01
464,2.76e+01
465,2.76e+01
466,2.76e+01
467,2.76e+01
468,2.76e+01
469,2.76e+01
470,2.76e+01
471,2.76e+01
472,2.76e+01
473,2.76e+01
474,2.76e+01
475,2.76e+01
476,2.76e+01
477,2.76e+01
478,2.76e+01
479,2.76e+01
480,2.76e+01
481,2.76e+01
482,2.76e+01
483,2.76e+01
484,2.76e+01
485,2.76e+01
486,2.76e+01
487,2.76e+01
488,2.76e+01
489,2.76e+01
490,2.76e+01
491,2.76e+01
492,2.76e+01
493,2.76e+01
494,2.76e+01
495,2.76e+01
496,2.75e+01
497,2.75e+01
498,2.75e+01
499,2.75e+01
500,2.75e+01
1.153e-01,2.754e+01,2.743e+01,500
Errors for iteration: 8
1,3.32e+01
2,3.26e+01
3,3.23e+01
4,3.20e+01
5,3.17e+01
6,3.16e+01
7,3.14e+01
8,3.13e+01
9,3.11e+01
10,3.10e+01
11,3.09e+01
12,3.09e+01
13,3.08e+01
14,3.07e+01
15,3.06e+01
16,3.06e+01
17,3.05e+01
18,3.04e+01
19,3.04e+01
20,3.03e+01
21,3.03e+01
22,3.02e+01
23,3.02e+01
24,3.02e+01
25,3.01e+01
26,3.01e+01
27,3.00e+01
28,3.00e+01
29,3.00e+01
30,2.99e+01
31,2.99e+01
32,2.99e+01
33,2.98e+01
34,2.98e+01
35,2.98e+01
36,2.97e+01
37,2.97e+01
38,2.97e+01
39,2.97e+01
40,2.96e+01
41,2.96e+01
42,2.96e+01
43,2.96e+01
44,2.95e+01
45,2.95e+01
46,2.95e+01
47,2.95e+01
48,2.95e+01
49,2.94e+01
50,2.94e+01
51,2.94e+01
52,2.94e+01
53,2.94e+01
54,2.93e+01
55,2.93e+01
56,2.93e+01
57,2.93e+01
58,2.93e+01
59,2.93e+01
60,2.92e+01
61,2.92e+01
62,2.92e+01
63,2.92e+01
64,2.92e+01
65,2.92e+01
66,2.92e+01
67,2.91e+01
68,2.91e+01
69,2.91e+01
70,2.91e+01
71,2.91e+01
72,2.91e+01
73,2.91e+01
74,2.90e+01
75,2.90e+01
76,2.90e+01
77,2.90e+01
78,2.90e+01
79,2.90e+01
80,2.90e+01
81,2.90e+01
82,2.89e+01
83,2.89e+01
84,2.89e+01
85,2.89e+01
86,2.89e+01
87,2.89e+01
88,2.89e+01
89,2.89e+01
90,2.89e+01
91,2.88e+01
92,2.88e+01
93,2.88e+01
94,2.88e+01
95,2.88e+01
96,2.88e+01
97,2.88e+01
98,2.88e+01
99,2.88e+01
100,2.88e+01
101,2.87e+01
102,2.87e+01
103,2.87e+01
104,2.87e+01
105,2.87e+01
106,2.87e+01
107,2.87e+01
108,2.87e+01
109,2.87e+01
110,2.87e+01
111,2.87e+01
112,2.86e+01
113,2.86e+01
114,2.86e+01
115,2.86e+01
116,2.86e+01
117,2.86e+01
118,2.86e+01
119,2.86e+01
120,2.86e+01
121,2.86e+01
122,2.86e+01
123,2.86e+01
124,2.85e+01
125,2.85e+01
126,2.85e+01
127,2.85e+01
128,2.85e+01
129,2.85e+01
130,2.85e+01
131,2.85e+01
132,2.85e+01
133,2.85e+01
134,2.85e+01
135,2.85e+01
136,2.85e+01
137,2.85e+01
138,2.84e+01
139,2.84e+01
140,2.84e+01
141,2.84e+01
142,2.84e+01
143,2.84e+01
144,2.84e+01
145,2.84e+01
146,2.84e+01
147,2.84e+01
148,2.84e+01
149,2.84e+01
150,2.84e+01
151,2.84e+01
152,2.84e+01
153,2.84e+01
154,2.83e+01
155,2.83e+01
156,2.83e+01
157,2.83e+01
158,2.83e+01
159,2.83e+01
160,2.83e+01
161,2.83e+01
162,2.83e+01
163,2.83e+01
164,2.83e+01
165,2.83e+01
166,2.83e+01
167,2.83e+01
168,2.83e+01
169,2.83e+01
170,2.83e+01
171,2.82e+01
172,2.82e+01
173,2.82e+01
174,2.82e+01
175,2.82e+01
176,2.82e+01
177,2.82e+01
178,2.82e+01
179,2.82e+01
180,2.82e+01
181,2.82e+01
182,2.82e+01
183,2.82e+01
184,2.82e+01
185,2.82e+01
186,2.82e+01
187,2.82e+01
188,2.82e+01
189,2.82e+01
190,2.81e+01
191,2.81e+01
192,2.81e+01
193,2.81e+01
194,2.81e+01
195,2.81e+01
196,2.81e+01
197,2.81e+01
198,2.81e+01
199,2.81e+01
200,2.81e+01
201,2.81e+01
202,2.81e+01
203,2.81e+01
204,2.81e+01
205,2.81e+01
206,2.81e+01
207,2.81e+01
208,2.81e+01
209,2.81e+01
210,2.81e+01
211,2.81e+01
212,2.80e+01
213,2.80e+01
214,2.80e+01
215,2.80e+01
216,2.80e+01
217,2.80e+01
218,2.80e+01
219,2.80e+01
220,2.80e+01
221,2.80e+01
222,2.80e+01
223,2.80e+01
224,2.80e+01
225,2.80e+01
226,2.80e+01
227,2.80e+01
228,2.80e+01
229,2.80e+01
230,2.80e+01
231,2.80e+01
232,2.80e+01
233,2.80e+01
234,2.80e+01
235,2.80e+01
236,2.80e+01
237,2.79e+01
238,2.79e+01
239,2.79e+01
240,2.79e+01
241,2.79e+01
242,2.79e+01
243,2.79e+01
244,2.79e+01
245,2.79e+01
246,2.79e+01
247,2.79e+01
248,2.79e+01
249,2.79e+01
250,2.79e+01
251,2.79e+01
252,2.79e+01
253,2.79e+01
254,2.79e+01
255,2.79e+01
256,2.79e+01
257,2.79e+01
258,2.79e+01
259,2.79e+01
260,2.79e+01
261,2.79e+01
262,2.79e+01
263,2.79e+01
264,2.78e+01
265,2.78e+01
266,2.78e+01
267,2.78e+01
268,2.78e+01
269,2.78e+01
270,2.78e+01
271,2.78e+01
272,2.78e+01
273,2.78e+01
274,2.78e+01
275,2.78e+01
276,2.78e+01
277,2.78e+01
278,2.78e+01
279,2.78e+01
280,2.78e+01
281,2.78e+01
282,2.78e+01
283,2.78e+01
284,2.78e+01
285,2.78e+01
286,2.78e+01
287,2.78e+01
288,2.78e+01
289,2.78e+01
290,2.78e+01
291,2.78e+01
292,2.78e+01
293,2.78e+01
294,2.78e+01
295,2.77e+01
296,2.77e+01
297,2.77e+01
298,2.77e+01
299,2.77e+01
300,2.77e+01
301,2.77e+01
302,2.77e+01
303,2.77e+01
304,2.77e+01
305,2.77e+01
306,2.77e+01
307,2.77e+01
308,2.77e+01
309,2.77e+01
310,2.77e+01
311,2.77e+01
312,2.77e+01
313,2.77e+01
314,2.77e+01
315,2.77e+01
316,2.77e+01
317,2.77e+01
318,2.77e+01
319,2.77e+01
320,2.77e+01
321,2.77e+01
322,2.77e+01
323,2.77e+01
324,2.77e+01
325,2.77e+01
326,2.77e+01
327,2.77e+01
328,2.77e+01
329,2.76e+01
330,2.76e+01
331,2.76e+01
332,2.76e+01
333,2.76e+01
334,2.76e+01
335,2.76e+01
336,2.76e+01
337,2.76e+01
338,2.76e+01
339,2.76e+01
340,2.76e+01
341,2.76e+01
342,2.76e+01
343,2.76e+01
344,2.76e+01
345,2.76e+01
346,2.76e+01
347,2.76e+01
348,2.76e+01
349,2.76e+01
350,2.76e+01
351,2.76e+01
352,2.76e+01
353,2.76e+01
354,2.76e+01
355,2.76e+01
356,2.76e+01
357,2.76e+01
358,2.76e+01
359,2.76e+01
360,2.76e+01
361,2.76e+01
362,2.76e+01
363,2.76e+01
364,2.76e+01
365,2.76e+01
366,2.76e+01
367,2.76e+01
368,2.75e+01
369,2.75e+01
370,2.75e+01
371,2.75e+01
372,2.75e+01
373,2.75e+01
374,2.75e+01
375,2.75e+01
376,2.75e+01
377,2.75e+01
378,2.75e+01
379,2.75e+01
380,2.75e+01
381,2.75e+01
382,2.75e+01
383,2.75e+01
384,2.75e+01
385,2.75e+01
386,2.75e+01
387,2.75e+01
388,2.75e+01
389,2.75e+01
390,2.75e+01
391,2.75e+01
392,2.75e+01
393,2.75e+01
394,2.75e+01
395,2.75e+01
396,2.75e+01
397,2.75e+01
398,2.75e+01
399,2.75e+01
400,2.75e+01
401,2.75e+01
402,2.75e+01
403,2.75e+01
404,2.75e+01
405,2.75e+01
406,2.75e+01
407,2.75e+01
408,2.75e+01
409,2.75e+01
410,2.75e+01
411,2.74e+01
412,2.74e+01
413,2.74e+01
414,2.74e+01
415,2.74e+01
416,2.74e+01
417,2.74e+01
418,2.74e+01
419,2.74e+01
420,2.74e+01
421,2.74e+01
422,2.74e+01
423,2.74e+01
424,2.74e+01
425,2.74e+01
426,2.74e+01
427,2.74e+01
428,2.74e+01
429,2.74e+01
430,2.74e+01
431,2.74e+01
432,2.74e+01
433,2.74e+01
434,2.74e+01
435,2.74e+01
436,2.74e+01
437,2.74e+01
438,2.74e+01
439,2.74e+01
440,2.74e+01
441,2.74e+01
442,2.74e+01
443,2.74e+01
444,2.74e+01
445,2.74e+01
446,2.74e+01
447,2.74e+01
448,2.74e+01
449,2.74e+01
450,2.74e+01
451,2.74e+01
452,2.74e+01
453,2.74e+01
454,2.74e+01
455,2.74e+01
456,2.74e+01
457,2.74e+01
458,2.74e+01
459,2.74e+01
460,2.73e+01
461,2.73e+01
462,2.73e+01
463,2.73e+01
464,2.73e+01
465,2.73e+01
466,2.73e+01
467,2.73e+01
468,2.73e+01
469,2.73e+01
470,2.73e+01
471,2.73e+01
472,2.73e+01
473,2.73e+01
474,2.73e+01
475,2.73e+01
476,2.73e+01
477,2.73e+01
478,2.73e+01
479,2.73e+01
480,2.73e+01
481,2.73e+01
482,2.73e+01
483,2.73e+01
484,2.73e+01
485,2.73e+01
486,2.73e+01
487,2.73e+01
488,2.73e+01
489,2.73e+01
490,2.73e+01
491,2.73e+01
492,2.73e+01
493,2.73e+01
494,2.73e+01
495,2.73e+01
496,2.73e+01
497,2.73e+01
498,2.73e+01
499,2.73e+01
500,2.73e+01
8.888e-02,2.728e+01,2.719e+01,500
Errors for iteration: 9
1,3.20e+01
2,3.15e+01
3,3.11e+01
4,3.08e+01
5,3.06e+01
6,3.05e+01
7,3.03e+01
8,3.02e+01
9,3.01e+01
10,3.00e+01
11,2.99e+01
12,2.98e+01
13,2.98e+01
14,2.97e+01
15,2.96e+01
16,2.96e+01
17,2.95e+01
18,2.95e+01
19,2.94e+01
20,2.94e+01
21,2.93e+01
22,2.93e+01
23,2.92e+01
24,2.92e+01
25,2.92e+01
26,2.91e+01
27,2.91e+01
28,2.91e+01
29,2.90e+01
30,2.90e+01
31,2.90e+01
32,2.89e+01
33,2.89e+01
34,2.89e+01
35,2.89e+01
36,2.88e+01
37,2.88e+01
38,2.88e+01
39,2.88e+01
40,2.87e+01
41,2.87e+01
42,2.87e+01
43,2.87e+01
44,2.87e+01
45,2.86e+01
46,2.86e+01
47,2.86e+01
48,2.86e+01
49,2.86e+01
50,2.85e+01
51,2.85e+01
52,2.85e+01
53,2.85e+01
54,2.85e+01
55,2.85e+01
56,2.84e+01
57,2.84e+01
58,2.84e+01
59,2.84e+01
60,2.84e+01
61,2.84e+01
62,2.83e+01
63,2.83e+01
64,2.83e+01
65,2.83e+01
66,2.83e+01
67,2.83e+01
68,2.83e+01
69,2.83e+01
70,2.82e+01
71,2.82e+01
72,2.82e+01
73,2.82e+01
74,2.82e+01
75,2.82e+01
76,2.82e+01
77,2.82e+01
78,2.81e+01
79,2.81e+01
80,2.81e+01
81,2.81e+01
82,2.81e+01
83,2.81e+01
84,2.81e+01
85,2.81e+01
86,2.81e+01
87,2.80e+01
88,2.80e+01
89,2.80e+01
90,2.80e+01
91,2.80e+01
92,2.80e+01
93,2.80e+01
94,2.80e+01
95,2.80e+01
96,2.80e+01
97,2.80e+01
98,2.79e+01
99,2.79e+01
100,2.79e+01
101,2.79e+01
102,2.79e+01
103,2.79e+01
104,2.79e+01
105,2.79e+01
106,2.79e+01
107,2.79e+01
108,2.79e+01
109,2.79e+01
110,2.78e+01
111,2.78e+01
112,2.78e+01
113,2.78e+01
114,2.78e+01
115,2.78e+01
116,2.78e+01
117,2.78e+01
118,2.78e+01
119,2.78e+01
120,2.78e+01
121,2.78e+01
122,2.78e+01
123,2.78e+01
124,2.77e+01
125,2.77e+01
126,2.77e+01
127,2.77e+01
128,2.77e+01
129,2.77e+01
130,2.77e+01
131,2.77e+01
132,2.77e+01
133,2.77e+01
134,2.77e+01
135,2.77e+01
136,2.77e+01
137,2.77e+01
138,2.77e+01
139,2.76e+01
140,2.76e+01
141,2.76e+01
142,2.76e+01
143,2.76e+01
144,2.76e+01
145,2.76e+01
146,2.76e+01
147,2.76e+01
148,2.76e+01
149,2.76e+01
150,2.76e+01
151,2.76e+01
152,2.76e+01
153,2.76e+01
154,2.76e+01
155,2.76e+01
156,2.75e+01
157,2.75e+01
158,2.75e+01
159,2.75e+01
160,2.75e+01
161,2.75e+01
162,2.75e+01
163,2.75e+01
164,2.75e+01
165,2.75e+01
166,2.75e+01
167,2.75e+01
168,2.75e+01
169,2.75e+01
170,2.75e+01
171,2.75e+01
172,2.75e+01
173,2.75e+01
174,2.75e+01
175,2.75e+01
176,2.74e+01
177,2.74e+01
178,2.74e+01
179,2.74e+01
180,2.74e+01
181,2.74e+01
182,2.74e+01
183,2.74e+01
184,2.74e+01
185,2.74e+01
186,2.74e+01
187,2.74e+01
188,2.74e+01
189,2.74e+01
190,2.74e+01
191,2.74e+01
192,2.74e+01
193,2.74e+01
194,2.74e+01
195,2.74e+01
196,2.74e+01
197,2.74e+01
198,2.73e+01
199,2.73e+01
200,2.73e+01
201,2.73e+01
202,2.73e+01
203,2.73e+01
204,2.73e+01
205,2.73e+01
206,2.73e+01
207,2.73e+01
208,2.73e+01
209,2.73e+01
210,2.73e+01
211,2.73e+01
212,2.73e+01
213,2.73e+01
214,2.73e+01
215,2.73e+01
216,2.73e+01
217,2.73e+01
218,2.73e+01
219,2.73e+01
220,2.73e+01
221,2.73e+01
222,2.73e+01
223,2.72e+01
224,2.72e+01
225,2.72e+01
226,2.72e+01
227,2.72e+01
228,2.72e+01
229,2.72e+01
230,2.72e+01
231,2.72e+01
232,2.72e+01
233,2.72e+01
234,2.72e+01
235,2.72e+01
236,2.72e+01
237,2.72e+01
238,2.72e+01
239,2.72e+01
240,2.72e+01
241,2.72e+01
242,2.72e+01
243,2.72e+01
244,2.72e+01
245,2.72e+01
246,2.72e+01
247,2.72e+01
248,2.72e+01
249,2.72e+01
250,2.72e+01
251,2.72e+01
252,2.71e+01
253,2.71e+01
254,2.71e+01
255,2.71e+01
256,2.71e+01
257,2.71e+01
258,2.71e+01
259,2.71e+01
260,2.71e+01
261,2.71e+01
262,2.71e+01
263,2.71e+01
264,2.71e+01
265,2.71e+01
266,2.71e+01
267,2.71e+01
268,2.71e+01
269,2.71e+01
270,2.71e+01
271,2.71e+01
272,2.71e+01
273,2.71e+01
274,2.71e+01
275,2.71e+01
276,2.71e+01
277,2.71e+01
278,2.71e+01
279,2.71e+01
280,2.71e+01
281,2.71e+01
282,2.71e+01
283,2.71e+01
284,2.70e+01
285,2.70e+01
286,2.70e+01
287,2.70e+01
288,2.70e+01
289,2.70e+01
290,2.70e+01
291,2.70e+01
292,2.70e+01
293,2.70e+01
294,2.70e+01
295,2.70e+01
296,2.70e+01
297,2.70e+01
298,2.70e+01
299,2.70e+01
300,2.70e+01
301,2.70e+01
302,2.70e+01
303,2.70e+01
304,2.70e+01
305,2.70e+01
306,2.70e+01
307,2.70e+01
308,2.70e+01
309,2.70e+01
310,2.70e+01
311,2.70e+01
312,2.70e+01
313,2.70e+01
314,2.70e+01
315,2.70e+01
316,2.70e+01
317,2.70e+01
318,2.70e+01
319,2.70e+01
320,2.70e+01
321,2.69e+01
322,2.69e+01
323,2.69e+01
324,2.69e+01
325,2.69e+01
326,2.69e+01
327,2.69e+01
328,2.69e+01
329,2.69e+01
330,2.69e+01
331,2.69e+01
332,2.69e+01
333,2.69e+01
334,2.69e+01
335,2.69e+01
336,2.69e+01
337,2.69e+01
338,2.69e+01
339,2.69e+01
340,2.69e+01
341,2.69e+01
342,2.69e+01
343,2.69e+01
344,2.69e+01
345,2.69e+01
346,2.69e+01
347,2.69e+01
348,2.69e+01
349,2.69e+01
350,2.69e+01
351,2.69e+01
352,2.69e+01
353,2.69e+01
354,2.69e+01
355,2.69e+01
356,2.69e+01
357,2.69e+01
358,2.69e+01
359,2.69e+01
360,2.69e+01
361,2.69e+01
362,2.68e+01
363,2.68e+01
364,2.68e+01
365,2.68e+01
366,2.68e+01
367,2.68e+01
368,2.68e+01
369,2.68e+01
370,2.68e+01
371,2.68e+01
372,2.68e+01
373,2.68e+01
374,2.68e+01
375,2.68e+01
376,2.68e+01
377,2.68e+01
378,2.68e+01
379,2.68e+01
380,2.68e+01
381,2.68e+01
382,2.68e+01
383,2.68e+01
384,2.68e+01
385,2.68e+01
386,2.68e+01
387,2.68e+01
388,2.68e+01
389,2.68e+01
390,2.68e+01
391,2.68e+01
392,2.68e+01
393,2.68e+01
394,2.68e+01
395,2.68e+01
396,2.68e+01
397,2.68e+01
398,2.68e+01
399,2.68e+01
400,2.68e+01
401,2.68e+01
402,2.68e+01
403,2.68e+01
404,2.68e+01
405,2.68e+01
406,2.68e+01
407,2.68e+01
408,2.68e+01
409,2.68e+01
410,2.67e+01
411,2.67e+01
412,2.67e+01
413,2.67e+01
414,2.67e+01
415,2.67e+01
416,2.67e+01
417,2.67e+01
418,2.67e+01
419,2.67e+01
420,2.67e+01
421,2.67e+01
422,2.67e+01
423,2.67e+01
424,2.67e+01
425,2.67e+01
426,2.67e+01
427,2.67e+01
428,2.67e+01
429,2.67e+01
430,2.67e+01
431,2.67e+01
432,2.67e+01
433,2.67e+01
434,2.67e+01
435,2.67e+01
436,2.67e+01
437,2.67e+01
438,2.67e+01
439,2.67e+01
440,2.67e+01
441,2.67e+01
442,2.67e+01
443,2.67e+01
444,2.67e+01
445,2.67e+01
446,2.67e+01
447,2.67e+01
448,2.67e+01
449,2.67e+01
450,2.67e+01
451,2.67e+01
452,2.67e+01
453,2.67e+01
454,2.67e+01
455,2.67e+01
456,2.67e+01
457,2.67e+01
458,2.67e+01
459,2.67e+01
460,2.67e+01
461,2.67e+01
462,2.67e+01
463,2.67e+01
464,2.66e+01
465,2.66e+01
466,2.66e+01
467,2.66e+01
468,2.66e+01
469,2.66e+01
470,2.66e+01
471,2.66e+01
472,2.66e+01
473,2.66e+01
474,2.66e+01
475,2.66e+01
476,2.66e+01
477,2.66e+01
478,2.66e+01
479,2.66e+01
480,2.66e+01
481,2.66e+01
482,2.66e+01
483,2.66e+01
484,2.66e+01
485,2.66e+01
486,2.66e+01
487,2.66e+01
488,2.66e+01
489,2.66e+01
490,2.66e+01
491,2.66e+01
492,2.66e+01
493,2.66e+01
494,2.66e+01
495,2.66e+01
496,2.66e+01
497,2.66e+01
498,2.66e+01
499,2.66e+01
500,2.66e+01
8.659e-02,2.659e+01,2.650e+01,500
Errors for iteration: 10
1,3.53e+01
2,3.46e+01
3,3.42e+01
4,3.39e+01
5,3.36e+01
6,3.34e+01
7,3.32e+01
8,3.31e+01
9,3.29e+01
10,3.28e+01
11,3.27e+01
12,3.26e+01
13,3.25e+01
14,3.24e+01
15,3.23e+01
16,3.23e+01
17,3.22e+01
18,3.21e+01
19,3.21e+01
20,3.20e+01
21,3.19e+01
22,3.19e+01
23,3.18e+01
24,3.18e+01
25,3.18e+01
26,3.17e+01
27,3.17e+01
28,3.16e+01
29,3.16e+01
30,3.15e+01
31,3.15e+01
32,3.15e+01
33,3.14e+01
34,3.14e+01
35,3.14e+01
36,3.13e+01
37,3.13e+01
38,3.13e+01
39,3.12e+01
40,3.12e+01
41,3.12e+01
42,3.12e+01
43,3.11e+01
44,3.11e+01
45,3.11e+01
46,3.11e+01
47,3.10e+01
48,3.10e+01
49,3.10e+01
50,3.10e+01
51,3.10e+01
52,3.09e+01
53,3.09e+01
54,3.09e+01
55,3.09e+01
56,3.08e+01
57,3.08e+01
58,3.08e+01
59,3.08e+01
60,3.08e+01
61,3.08e+01
62,3.07e+01
63,3.07e+01
64,3.07e+01
65,3.07e+01
66,3.07e+01
67,3.06e+01
68,3.06e+01
69,3.06e+01
70,3.06e+01
71,3.06e+01
72,3.06e+01
73,3.06e+01
74,3.05e+01
75,3.05e+01
76,3.05e+01
77,3.05e+01
78,3.05e+01
79,3.05e+01
80,3.05e+01
81,3.04e+01
82,3.04e+01
83,3.04e+01
84,3.04e+01
85,3.04e+01
86,3.04e+01
87,3.04e+01
88,3.04e+01
89,3.03e+01
90,3.03e+01
91,3.03e+01
92,3.03e+01
93,3.03e+01
94,3.03e+01
95,3.03e+01
96,3.03e+01
97,3.02e+01
98,3.02e+01
99,3.02e+01
100,3.02e+01
101,3.02e+01
102,3.02e+01
103,3.02e+01
104,3.02e+01
105,3.02e+01
106,3.02e+01
107,3.01e+01
108,3.01e+01
109,3.01e+01
110,3.01e+01
111,3.01e+01
112,3.01e+01
113,3.01e+01
114,3.01e+01
115,3.01e+01
116,3.01e+01
117,3.00e+01
118,3.00e+01
119,3.00e+01
120,3.00e+01
121,3.00e+01
122,3.00e+01
123,3.00e+01
124,3.00e+01
125,3.00e+01
126,3.00e+01
127,3.00e+01
128,3.00e+01
129,2.99e+01
130,2.99e+01
131,2.99e+01
132,2.99e+01
133,2.99e+01
134,2.99e+01
135,2.99e+01
136,2.99e+01
137,2.99e+01
138,2.99e+01
139,2.99e+01
140,2.99e+01
141,2.98e+01
142,2.98e+01
143,2.98e+01
144,2.98e+01
145,2.98e+01
146,2.98e+01
147,2.98e+01
148,2.98e+01
149,2.98e+01
150,2.98e+01
151,2.98e+01
152,2.98e+01
153,2.98e+01
154,2.98e+01
155,2.97e+01
156,2.97e+01
157,2.97e+01
158,2.97e+01
159,2.97e+01
160,2.97e+01
161,2.97e+01
162,2.97e+01
163,2.97e+01
164,2.97e+01
165,2.97e+01
166,2.97e+01
167,2.97e+01
168,2.97e+01
169,2.97e+01
170,2.97e+01
171,2.96e+01
172,2.96e+01
173,2.96e+01
174,2.96e+01
175,2.96e+01
176,2.96e+01
177,2.96e+01
178,2.96e+01
179,2.96e+01
180,2.96e+01
181,2.96e+01
182,2.96e+01
183,2.96e+01
184,2.96e+01
185,2.96e+01
186,2.96e+01
187,2.96e+01
188,2.95e+01
189,2.95e+01
190,2.95e+01
191,2.95e+01
192,2.95e+01
193,2.95e+01
194,2.95e+01
195,2.95e+01
196,2.95e+01
197,2.95e+01
198,2.95e+01
199,2.95e+01
200,2.95e+01
201,2.95e+01
202,2.95e+01
203,2.95e+01
204,2.95e+01
205,2.95e+01
206,2.95e+01
207,2.94e+01
208,2.94e+01
209,2.94e+01
210,2.94e+01
211,2.94e+01
212,2.94e+01
213,2.94e+01
214,2.94e+01
215,2.94e+01
216,2.94e+01
217,2.94e+01
218,2.94e+01
219,2.94e+01
220,2.94e+01
221,2.94e+01
222,2.94e+01
223,2.94e+01
224,2.94e+01
225,2.94e+01
226,2.94e+01
227,2.94e+01
228,2.93e+01
229,2.93e+01
230,2.93e+01
231,2.93e+01
232,2.93e+01
233,2.93e+01
234,2.93e+01
235,2.93e+01
236,2.93e+01
237,2.93e+01
238,2.93e+01
239,2.93e+01
240,2.93e+01
241,2.93e+01
242,2.93e+01
243,2.93e+01
244,2.93e+01
245,2.93e+01
246,2.93e+01
247,2.93e+01
248,2.93e+01
249,2.93e+01
250,2.93e+01
251,2.92e+01
252,2.92e+01
253,2.92e+01
254,2.92e+01
255,2.92e+01
256,2.92e+01
257,2.92e+01
258,2.92e+01
259,2.92e+01
260,2.92e+01
261,2.92e+01
262,2.92e+01
263,2.92e+01
264,2.92e+01
265,2.92e+01
266,2.92e+01
267,2.92e+01
268,2.92e+01
269,2.92e+01
270,2.92e+01
271,2.92e+01
272,2.92e+01
273,2.92e+01
274,2.92e+01
275,2.92e+01
276,2.92e+01
277,2.91e+01
278,2.91e+01
279,2.91e+01
280,2.91e+01
281,2.91e+01
282,2.91e+01
283,2.91e+01
284,2.91e+01
285,2.91e+01
286,2.91e+01
287,2.91e+01
288,2.91e+01
289,2.91e+01
290,2.91e+01
291,2.91e+01
292,2.91e+01
293,2.91e+01
294,2.91e+01
295,2.91e+01
296,2.91e+01
297,2.91e+01
298,2.91e+01
299,2.91e+01
300,2.91e+01
301,2.91e+01
302,2.91e+01
303,2.91e+01
304,2.91e+01
305,2.90e+01
306,2.90e+01
307,2.90e+01
308,2.90e+01
309,2.90e+01
310,2.90e+01
311,2.90e+01
312,2.90e+01
313,2.90e+01
314,2.90e+01
315,2.90e+01
316,2.90e+01
317,2.90e+01
318,2.90e+01
319,2.90e+01
320,2.90e+01
321,2.90e+01
322,2.90e+01
323,2.90e+01
324,2.90e+01
325,2.90e+01
326,2.90e+01
327,2.90e+01
328,2.90e+01
329,2.90e+01
330,2.90e+01
331,2.90e+01
332,2.90e+01
333,2.90e+01
334,2.90e+01
335,2.90e+01
336,2.90e+01
337,2.89e+01
338,2.89e+01
339,2.89e+01
340,2.89e+01
341,2.89e+01
342,2.89e+01
343,2.89e+01
344,2.89e+01
345,2.89e+01
346,2.89e+01
347,2.89e+01
348,2.89e+01
349,2.89e+01
350,2.89e+01
351,2.89e+01
352,2.89e+01
353,2.89e+01
354,2.89e+01
355,2.89e+01
356,2.89e+01
357,2.89e+01
358,2.89e+01
359,2.89e+01
360,2.89e+01
361,2.89e+01
362,2.89e+01
363,2.89e+01
364,2.89e+01
365,2.89e+01
366,2.89e+01
367,2.89e+01
368,2.89e+01
369,2.89e+01
370,2.89e+01
371,2.89e+01
372,2.88e+01
373,2.88e+01
374,2.88e+01
375,2.88e+01
376,2.88e+01
377,2.88e+01
378,2.88e+01
379,2.88e+01
380,2.88e+01
381,2.88e+01
382,2.88e+01
383,2.88e+01
384,2.88e+01
385,2.88e+01
386,2.88e+01
387,2.88e+01
388,2.88e+01
389,2.88e+01
390,2.88e+01
391,2.88e+01
392,2.88e+01
393,2.88e+01
394,2.88e+01
395,2.88e+01
396,2.88e+01
397,2.88e+01
398,2.88e+01
399,2.88e+01
400,2.88e+01
401,2.88e+01
402,2.88e+01
403,2.88e+01
404,2.88e+01
405,2.88e+01
406,2.88e+01
407,2.88e+01
408,2.88e+01
409,2.88e+01
410,2.88e+01
411,2.87e+01
412,2.87e+01
413,2.87e+01
414,2.87e+01
415,2.87e+01
416,2.87e+01
417,2.87e+01
418,2.87e+01
419,2.87e+01
420,2.87e+01
421,2.87e+01
422,2.87e+01
423,2.87e+01
424,2.87e+01
425,2.87e+01
426,2.87e+01
427,2.87e+01
428,2.87e+01
429,2.87e+01
430,2.87e+01
431,2.87e+01
432,2.87e+01
433,2.87e+01
434,2.87e+01
435,2.87e+01
436,2.87e+01
437,2.87e+01
438,2.87e+01
439,2.87e+01
440,2.87e+01
441,2.87e+01
442,2.87e+01
443,2.87e+01
444,2.87e+01
445,2.87e+01
446,2.87e+01
447,2.87e+01
448,2.87e+01
449,2.87e+01
450,2.87e+01
451,2.87e+01
452,2.87e+01
453,2.87e+01
454,2.86e+01
455,2.86e+01
456,2.86e+01
457,2.86e+01
458,2.86e+01
459,2.86e+01
460,2.86e+01
461,2.86e+01
462,2.86e+01
463,2.86e+01
464,2.86e+01
465,2.86e+01
466,2.86e+01
467,2.86e+01
468,2.86e+01
469,2.86e+01
470,2.86e+01
471,2.86e+01
472,2.86e+01
473,2.86e+01
474,2.86e+01
475,2.86e+01
476,2.86e+01
477,2.86e+01
478,2.86e+01
479,2.86e+01
480,2.86e+01
481,2.86e+01
482,2.86e+01
483,2.86e+01
484,2.86e+01
485,2.86e+01
486,2.86e+01
487,2.86e+01
488,2.86e+01
489,2.86e+01
490,2.86e+01
491,2.86e+01
492,2.86e+01
493,2.86e+01
494,2.86e+01
495,2.86e+01
496,2.86e+01
497,2.86e+01
498,2.86e+01
499,2.86e+01
500,2.86e+01
7.344e-02,2.855e+01,2.848e+01,500
